-3.347181229178464168e-02 1.787243897077189780e-01 9.507072981137265621e-02 2.094063783374955356e-03 -8.924563604265373096e-02 -2.235005279360992025e-01 1.022179362010011694e-02 -1.933835904679122586e-01
2.077718405259059153e-01 1.005646962960993207e-01 -2.095039034640743258e-01 9.314762504960910627e-02 2.381359112036718906e-01 2.185891728232142173e-02 1.136459435231830239e-01 -1.331604563659802842e-01
2.333784086342635677e-01 -2.074338024336362940e-01 -2.720987551585674069e-02 -2.055297563612047407e-01 -1.804015254421958425e-01 2.461010702544055850e-01 -3.300085393521995369e-02 -2.276387300172803552e-01
-2.217205850722126503e-01 -1.128428414581013062e-01 3.651418691841867847e-02 7.600588957954906855e-02 -1.120449291551433024e-01 -2.355393240398894195e-01 -2.472047844518941440e-01 -1.938809719232134632e-01
-2.134382256493204122e-01 -1.927279806424880282e-01 -2.228016645174935029e-02 2.726020708349619071e-02 3.643250927234925607e-02 -1.199162314663079765e-01 1.502903726501483295e-01 2.363338977713348998e-01
1.491972873761241436e-01 7.732593154229272514e-02 -1.712443630508116987e-01 -2.884767342613908658e-02 -1.676751903446460079e-01 2.406832481779689337e-01 3.670191653474030868e-02 -2.361554768903616486e-01
-2.249319641403937919e-01 -1.851913965117271688e-01 9.419712346946773618e-03 1.210123022409484994e-01 1.686160668549374630e-02 -1.291202331940429215e-01 1.759597363528018765e-01 -9.120800472910373102e-02
1.547006140786516548e-02 1.927117141230429986e-01 -1.406424349067414425e-01 -1.167728908732227344e-01 -1.082249332589245161e-01 -1.846513140153112631e-01 -2.438830717670721349e-01 8.433776743975446299e-02
1.714340551567056781e-01 7.863363418504687452e-03 1.024191373931632731e-01 1.611017661772701226e-01 1.447263627091347482e-01 5.850626207136855328e-02 9.552916541531453198e-03 7.185784497438596485e-02
2.120815344451735251e-01 -1.243163982438318937e-01 8.249272254094641710e-02 -2.359743567802342068e-01 1.892121849700212355e-02 2.471015905264014045e-01 -1.883767177215880939e-01 7.636454595777730781e-02
-1.214317905910423101e-01 1.568159471248116166e-01 1.670300716861275458e-01 2.218016067177649986e-01 1.768153184095788144e-01 -2.494310319314719249e-01 1.736946022112962340e-01 -3.889947870435184196e-02
-1.366585740697880968e-01 1.083151727117381280e-01 -9.446018810255990550e-02 -1.536978824035539204e-01 8.439525649045548361e-02 1.912469887938594848e-01 -7.516627568965777995e-02 -2.356540645947646784e-02
1.634218698361126765e-01 -6.238146157680979353e-02 1.750099424506804668e-01 1.341009539872687339e-01 -3.646080615118396651e-02 5.511182500545769303e-02 -1.357537042296061425e-01 -5.939163256179624817e-02
1.818848966749673779e-01 -7.801521106556863483e-02 -2.455696641244806133e-01 2.417292509612122275e-01 1.120106171965958852e-01 2.418561869181248269e-01 2.386464592796115336e-01 -2.046700764448570187e-01
-1.567246238630436439e-01 -1.162373608529896352e-01 1.765896361443624607e-01 1.574133286964705114e-01 -8.158801871420284790e-02 -1.129367754654956313e-01 -4.627586380114201425e-02 1.239097623226727563e-01
2.030791520511504578e-02 7.524513057078457967e-02 2.370838121813885757e-01 1.608598267186925335e-01 -1.971611810934200126e-01 1.435893521185336308e-01 -1.312666103068713119e-01 1.124312960164469133e-01
-1.667010157656944602e-01 2.258248642943175843e-01 6.399137199963511602e-02 -2.308659416683238041e-01 -2.055036188169676592e-01 -2.240809924515400064e-01 1.510063707099379982e-01 1.280022054870502690e-01
9.853400658975552950e-02 7.004707318060388044e-02 -2.362628953318010039e-01 2.191059233378486182e-01 1.499183818616079966e-01 -5.137871494285189966e-02 5.274987661209790124e-02 1.312084460920993068e-01
-1.764803309307507173e-01 2.342333940262598113e-01 -1.960496901469827580e-01 -1.810802700166889712e-01 -1.943371759596248527e-01 -1.622820311164442919e-01 -2.345651061607778032e-01 -2.206674525143521026e-01
7.211221123150868273e-02 1.124219123040455237e-01 -3.147963166325484785e-03 -1.519181856210677917e-01 -1.035445827527123330e-01 2.214339015039590297e-01 -8.440104334674264353e-02 2.942148117433934784e-02
-1.062820683147701062e-01 5.448239312604213902e-02 -1.814130989348354817e-01 -1.538157512664261595e-01 9.875669537255588049e-02 2.084671104012545961e-01 1.454064438921339186e-01 2.127351974577166849e-01
-2.293237228743778000e-01 -1.048674839498304201e-01 2.130364099808072509e-01 -2.102378572914718191e-01 1.447747056757194284e-01 -1.760590086219099848e-01 1.838434435170995251e-01 -1.974379602623130836e-01
1.555059378801786907e-01 1.416934342295994576e-01 1.556155949999791233e-01 -1.485377181116453449e-01 7.175048240275772038e-02 2.211130950220708269e-01 2.365386560050625198e-01 1.651158647052988759e-01
-9.463375736636409075e-02 -1.310061419616218026e-01 -1.121522661367452822e-01 -1.762625867100758859e-02 -1.368458263328328206e-01 -8.333170845379639369e-02 1.384981338710729037e-01 1.997563731652919339e-01
-1.479083300337091789e-02 2.288989481228866363e-01 1.676846540495089966e-01 -2.025385600519440943e-01 1.474720941266051688e-01 2.453161029482376909e-01 1.715598891742899923e-01 -3.164009453242794256e-02
-2.119712695715358919e-02 -1.998889203615869525e-01 2.041453144232702188e-02 -1.220389149376730487e-01 1.566297981343517387e-02 -1.137637536616020184e-01 9.220121009997644945e-02 -1.849952412890470965e-02
1.188925022912470375e-01 1.712778141732448356e-01 2.129777411840077517e-01 9.373906614289628791e-02 2.057345193373829040e-01 -4.988372183077049993e-02 -1.218950300794096053e-01 1.063356667620978802e-01
2.441771159224823129e-01 1.968347066739848938e-01 -1.366056890300713089e-01 2.472397948671636314e-01 2.139692472150932501e-01 -3.356156429703882615e-02 -9.624910412310461183e-02 -7.619590822328137225e-02
1.330078605145484372e-01 1.222727574484177571e-01 1.451948934476021691e-02 -2.485185429625541564e-02 3.800574205146567408e-02 -2.943364163448636273e-02 5.206986740357966159e-02 -1.248985828373541662e-01
1.378620524261599534e-01 2.155213313226632676e-01 1.506727431064434630e-01 -6.496241475489228367e-02 -1.461115270293268931e-01 -9.777149268010687511e-02 1.704894351318468337e-01 3.802426021125343558e-02
1.677237264681415430e-01 1.364392041851630877e-01 -1.458915523400525216e-01 4.504371621812813808e-02 1.578572738898135208e-01 -2.327047844293792522e-01 -2.290146556997130767e-01 2.122582930569401061e-01
3.965388872020908506e-02 -1.563881104488084040e-01 1.149799835377100510e-01 1.340033488389743566e-01 -2.296372865923982931e-01 -5.733082379604986789e-02 -1.920284802920314005e-01 -4.094737913308427180e-02
-1.840961147604110448e-01 -1.532201956381689656e-01 -1.190497031881183054e-01 2.248273527557443363e-01 -4.611611520217939741e-03 2.334115674565231391e-01 -1.862901016701293266e-01 -1.072243769702242999e-01
1.146960003727335864e-01 -1.592455005882246200e-01 8.635169369504469561e-02 2.824213795170116281e-03 1.681592303111880682e-01 7.643758286761281884e-03 -1.164713433604947501e-01 -1.997620706212144825e-01
-1.625966806631423678e-01 1.948922514002294215e-01 2.366288725403337678e-01 1.286408657151504320e-01 7.150422916964427333e-02 -1.600777010702527092e-01 2.242676867720145850e-01 1.247161489164281267e-01
2.087584783592836835e-01 -2.150312277999211208e-01 4.741012900297347787e-02 2.044650756933165670e-01 -9.630677916830887586e-02 -1.796275806104041806e-01 9.461295001723019071e-02 -1.194876562858347979e-01
-6.127422007995253495e-02 -2.339263724146791734e-01 -2.200517633283460839e-01 -9.711315844662504748e-02 1.247195807967488856e-01 1.219509349850970148e-01 -1.520297256696755972e-01 7.971918082692985852e-02
6.072091718458461074e-03 9.009502870979629874e-02 1.208765798571829753e-01 4.229338821113237668e-02 8.961870473907340706e-03 -7.554549358497308909e-02 4.649670512553000234e-02 -2.917715733900716479e-02
-1.485621927762989514e-01 1.692699252051073633e-01 4.429592152190131582e-02 1.487084854607246265e-01 1.579944686775743290e-01 -1.463628174803111581e-01 -2.395637393628804457e-01 6.992012304161698832e-02
1.293791190635001365e-01 1.843211682276545971e-01 4.476577657529634546e-02 -2.059300618821906514e-01 -3.207816302205818149e-02 -6.787828000287343677e-02 -2.927284959039189172e-02 -8.542628308895239275e-03
1.550073696935869716e-01 -7.995848274557326718e-02 1.597727424804577523e-01 -6.549076166921208308e-02 -1.021363104272254851e-02 -1.116749546327256426e-01 2.795451776272267486e-02 -1.173824632546542346e-01
7.112493702138106277e-02 -1.151436970281585204e-01 1.431513274196737906e-01 -5.285427730061620366e-02 -1.966395869134511254e-01 3.516377962910766097e-03 -2.476470161803299708e-01 -1.176937709681855071e-01
8.421936526723861061e-02 -5.649289091323461687e-02 -7.672092020970300297e-03 -1.911010561500697813e-02 1.645413320904239862e-01 1.067635765211794596e-01 -1.243277334164398784e-01 9.904090037419682746e-02
1.874794992261024640e-01 1.931323731007639211e-01 -2.417251104632238690e-01 2.405230461095284600e-01 -1.653409147965547721e-01 -1.642864682363073259e-01 -2.267424628481185533e-01 2.330824986495284024e-01
-1.649729081549534682e-01 9.202808305646364984e-02 2.208538223534892708e-01 -1.091321569743035069e-01 1.620068911107491738e-02 6.062204831702722174e-02 1.462828540401492350e-01 1.071469383209414095e-01
1.404277344867518873e-01 1.043000194410408921e-01 -1.337649563753612325e-01 3.848045311867109852e-02 -1.720670220206446110e-01 2.353058616403703174e-01 -2.113777295924942901e-01 1.708777180320729672e-01
9.682834882117574704e-02 1.659793331184841181e-01 1.385486336320092549e-01 -5.092178443919953557e-02 2.270371536211986396e-01 2.650750171849908243e-02 2.201549060965219407e-01 -1.916846974344134091e-01
-4.859308443327431393e-02 1.411854477983422451e-01 -2.029676600195980396e-01 1.947149651034724149e-01 -1.098450472807011025e-02 -1.762674889282279667e-01 1.127912306700229461e-02 -7.203696232744116745e-02
2.089562028213263756e-01 1.502505356245885104e-01 3.622196701322866197e-02 2.081599387312564886e-01 2.284360572020927016e-02 1.741160576272499094e-01 1.029622172544726322e-01 1.448123758390610361e-01
-1.815918673784170934e-01 9.751607252950295068e-02 1.834903362354498579e-01 2.192045641596284677e-01 -1.103196791169441804e-02 -1.374216809527704086e-01 -1.179432986452895182e-01 -1.966967555127069889e-01
-6.917361717929898512e-02 2.346266660636766588e-01 1.435395649477117508e-01 -2.022274583435666462e-01 2.412738060591915756e-01 1.844611773735949090e-02 1.736260670436561293e-01 -1.521068627440167464e-01
-7.300859861512565274e-02 2.232746717986016649e-01 1.782149352920540664e-01 -1.275090360023977132e-01 1.226331409126618643e-02 -1.861877089813354091e-01 1.537431765120343408e-01 6.203252664057812282e-02
-2.140934625789508439e-01 -1.229360585479911672e-01 1.095505923749937049e-01 -7.839594621733814162e-02 -2.226117967492688421e-01 2.235125585121796599e-01 2.021413654595486387e-01 -2.276297288256290408e-03
-1.859473125392704373e-01 -1.138106990597475554e-01 4.570791394805595598e-02 1.267115259514725034e-01 5.811571847928187484e-02 -2.126673134990109681e-01 1.983890529968709848e-01 1.633019755070768686e-01
1.334269257218361759e-01 -9.806362121388634279e-03 -3.369781658308868000e-02 1.044633542315262509e-01 -6.786174373678194316e-02 1.473640465445336112e-02 2.541009180225223263e-02 -1.159278648098093223e-01
1.668199882337579876e-01 1.064832227827853250e-01 -1.091851984889573579e-01 1.446102353384218220e-01 2.395024310053560646e-01 -1.736844187590765864e-01 1.080509863409356286e-01 1.120592719210497523e-01
2.346761733180440235e-01 -1.562439808891433191e-01 1.229310593642458649e-01 2.269714163804236184e-01 -2.244349948547113005e-01 -9.136335715783278077e-02 1.771538668983466125e-01 9.194852135928921477e-02
-2.083029513022243706e-01 3.686834437848940382e-02 -1.917896472917056672e-01 2.152260518729506855e-01 8.444365529414660232e-02 1.529043014318139382e-01 -1.222447390527288680e-01 -5.905510781395573172e-02
-6.456688344621930309e-03 5.388558409220478573e-02 -9.564342823948412953e-02 1.110677079612904516e-01 1.458943088175015390e-01 -5.594952939630182254e-02 5.485261661273060918e-02 -2.254910732067085810e-01
-1.135241696259613464e-01 6.109231325541575330e-02 -7.877187666092566598e-02 -2.092188882051673748e-01 -1.527480747742983591e-01 1.417918086540063682e-01 -2.311338142054792377e-01 2.453537287804167799e-01
-8.572990454470269528e-02 -2.525281788696259744e-02 4.346029887408031644e-02 3.484965105489451487e-02 1.737134393195358673e-01 2.419339693622727383e-01 6.221895963394685758e-02 -6.405574945735231784e-02
1.617575860492107553e-01 -2.067981958689997790e-01 -7.104035960967164387e-02 2.296167792045019085e-01 1.205394785728007845e-01 -1.252836509512512131e-01 -1.830412541380767588e-01 1.364410624696051899e-01
-2.027146703280450768e-01 -5.807138725572996707e-02 7.863280455363796939e-02 1.206651124441550094e-01 5.632376110554071502e-02 1.972220212832210828e-01 2.051134125154436272e-01 -1.317983006468637086e-02
-3.812492493310898345e-02 1.772274030341168261e-01 1.703867240357831436e-02 1.965877982807490709e-01 -2.246183069230914264e-01 -1.417934724479443243e-01 3.464378469162554541e-02 2.448118716851368504e-01
1.910087542770318447e-01 1.432678122680861033e-01 1.168075656399135687e-01 -2.147548335581490053e-01 -1.218303234478403385e-01 -1.328179012085961563e-01 9.258246396313624116e-02 9.541605106365969036e-02
1.268859025834621623e-01 1.964353976808252966e-01 -2.418557504145394388e-01 2.065163836983194834e-01 6.414886133645936184e-02 -1.216705988135879934e-02 1.622197300032912626e-02 -2.035503069200619297e-01
-9.366919864772699222e-02 2.383626644478628043e-01 -1.942589708367699619e-01 6.717288910954499759e-02 1.925840634276853591e-01 2.332598752595286262e-01 2.367767107729601417e-01 -1.004453635536700640e-01
-9.749263587169487710e-03 -1.055353577489208661e-01 1.733867598637067742e-01 -1.641318895944300360e-01 5.386392851417248773e-02 9.479472992303311640e-02 -1.657888078378800811e-01 5.243256019795844436e-02
1.252357686114469737e-01 -2.335806914354287556e-01 1.114965079485032429e-01 -1.053280899653831204e-01 9.050888251310618138e-03 1.100599168387198512e-01 -1.772216916662816000e-01 -1.240298158132285833e-02
1.752946385963529141e-01 1.853507422170829755e-01 1.309399794814319895e-01 -8.311838873344806755e-02 1.226914605154728055e-01 2.065850170180157930e-01 9.708577894501968508e-03 1.063088297403672056e-01
-4.519101843351908121e-02 9.455834241904326198e-04 -6.661640830057624640e-02 -1.732388249133220981e-01 -1.295363895655127773e-01 -1.748580378616206854e-01 -2.087050000254093152e-01 -8.488441968453497299e-02
-1.355078738583846976e-01 -8.904402803560140800e-03 1.872963505156685637e-01 1.461216399347053940e-01 -3.761520427544678968e-02 -2.241242838636043899e-01 -1.726070274368388668e-01 2.306229406143833760e-03
-7.314410729730497218e-02 4.702013797516102489e-02 7.889662457490331793e-02 -5.215721043221877018e-02 -5.913361871640498979e-02 -1.999063708182809429e-01 1.118603844905441402e-01 -5.381803909956067722e-02
-1.677392208249041672e-01 4.180517719413007205e-02 -3.567595957835367759e-02 1.920582305491097541e-02 -2.845143649075737580e-02 -5.108540812316070268e-02 -2.445062205934263599e-01 7.210496128051524511e-03
1.817197600351564968e-01 -2.107934636762670011e-01 2.000013927527823920e-01 2.401230030105388491e-01 -1.570228026860862602e-01 -1.520509957415477342e-01 -3.609337724986372287e-02 1.748012195767348897e-01
-1.684486461162546522e-01 2.290957994602570991e-01 1.460841885137746377e-01 7.137278377710443156e-02 4.633132798127548302e-03 -1.467000930799038927e-01 -3.602861267886775520e-02 4.841800736870260913e-02
-1.120254507994338788e-01 1.036193904703061053e-01 -7.977007803910951544e-02 2.410121288907829395e-01 -1.304632734279164152e-01 2.155944230206496837e-01 2.486054850779211289e-01 3.116192094122588463e-02
1.541906751194427327e-01 -1.813207872589573388e-01 -1.204872445939559333e-01 1.240071138248624583e-01 2.307027047149606824e-02 1.960649165866726884e-01 2.095774780106385848e-01 -1.439027643459726558e-01
-2.056106987394727414e-01 -6.041427903613616479e-06 1.064299175016329979e-01 2.350514539924953850e-01 9.035045073901726287e-02 -8.362152522744770167e-02 9.478356011030614203e-02 -1.013108101705006980e-02
-1.063271016623801302e-01 9.809986315819657632e-02 1.537008402099011017e-01 5.497002146806367895e-02 -7.458880026577446865e-02 2.008496775991374661e-01 -2.211516725350357593e-01 -1.031981067561497101e-01
-5.096984256210301822e-02 -2.066368078202194813e-01 -1.423780369059976514e-01 -1.640049160082416857e-01 -2.763418139265899631e-02 7.436719654737394825e-02 2.405332604608267366e-01 1.688449098989408537e-02
-4.094457931338996159e-02 -2.392626695903574685e-01 1.059496454999991344e-01 -2.353069648960919302e-01 -1.613043570182592923e-01 1.733288062839939414e-01 1.547485430256737016e-01 -6.409496182764434780e-02
1.236516431504109947e-01 -4.623308782217400159e-02 -2.613129453316420658e-02 1.822478400819988464e-01 -7.643362781822038432e-02 -1.314634716846425633e-01 -1.746949991455755691e-01 2.432569828986773097e-01
-4.691757053904876962e-02 2.918946599340160875e-02 -1.953029703020977559e-01 1.434317728677640957e-01 2.197191424740503884e-01 2.951940463387686675e-02 9.562275345694964956e-02 -5.895166220784087141e-02
-2.460756126661038934e-01 1.819443684810225226e-01 -2.333476734817995224e-01 -2.240827481558287926e-01 1.853072507011714887e-01 2.229563663347298164e-01 1.194593821600631323e-02 2.307399918063260946e-01
1.568251240925666590e-01 -2.248179634862547682e-01 -1.480975468747725010e-01 -2.454554817770062680e-01 -1.450652835808242114e-01 2.476575842101015890e-01 -2.130219754627538098e-02 -1.214921570379963733e-01
-6.758372232585213579e-02 -1.560351709966982248e-01 1.812996937487577620e-01 -7.574797225705498516e-02 1.109644005536075673e-01 2.188980389064854037e-01 -1.109266778469061854e-01 1.438602832636863837e-01
-3.211303189182185269e-02 -1.206566393464933995e-01 1.661593698159783972e-01 2.000447714611278127e-01 9.275767210720214928e-02 -1.205700907438629343e-01 2.151797309875652653e-02 -6.446883944614756334e-02
1.577238746235147260e-01 1.799929443728961465e-01 -1.012590454649200944e-01 2.687942028605233569e-02 5.870307623564119393e-02 -5.292238104894853024e-02 2.460690049716721117e-01 1.276723542975439218e-01
7.175842443318486419e-02 2.224566618286207831e-01 -1.182388898278691203e-01 2.108407817252688221e-01 -8.631421263535171695e-02 2.249951457753951445e-01 1.374807289121364740e-01 2.288655465082676810e-01
1.298109216404288446e-01 -7.186018034815611077e-03 4.016982951415021263e-02 -1.116478724172987325e-01 1.361018867665199639e-01 -2.012043058946839658e-01 1.587970916267869015e-01 8.117032951741265379e-03
2.164084662561526762e-01 2.418774774561388563e-02 -2.480327875078187083e-01 1.140407727394697757e-01 2.205973197978438050e-01 2.087856151005109129e-01 -5.638502801884553994e-02 1.940756805088872383e-02
1.117410396269294393e-01 -1.901274551680299241e-01 3.543428229064060631e-02 8.996722239627719109e-02 1.512618068903967550e-01 6.625611694318223055e-02 2.041920130297416591e-01 -1.356808207434203051e-01
-2.333185378162706547e-01 -9.076291639107914033e-02 2.349441684520869322e-01 -1.514684981012556775e-01 -2.457227366422716219e-01 -5.472854658410886142e-02 1.891703049238311340e-01 -2.313064856206562547e-01
-1.544484094085640247e-01 1.924086903708275842e-01 -6.698254016974286573e-02 -2.014538984374353858e-01 -1.918727678437796014e-01 2.236145595823131327e-01 1.299670147131910536e-01 5.899535357462087903e-02
1.482683251923093137e-01 1.451487826523373270e-02 7.994778714618494542e-02 -1.273466792945039949e-01 -7.732082535008327762e-02 1.066605777914914621e-01 9.105473416927761798e-02 7.273940661184713496e-02
-2.127315552254990805e-01 -1.008516059151423061e-01 2.340769726330897971e-01 -1.734033269037044134e-02 -1.831035191684529106e-01 -2.734221904060279984e-02 -1.071959687220834789e-01 -8.227853518637540109e-02
-1.521538943659750398e-01 2.712111618004048319e-02 -8.639763893971141862e-02 -1.379296314999970408e-01 -2.091990555266997620e-01 -2.120629765621309670e-01 -6.876160174845885598e-02 5.729061355209669193e-02
-1.378809127435103310e-01 1.970818036819834140e-01 -7.239953125700399061e-02 -1.443466131582030743e-01 4.011100885019297513e-02 2.210921728191207469e-01 2.112172151060535130e-01 -4.487250012304716540e-02
2.097991503302202299e-01 -1.913718938635849964e-01 -1.109399279217382350e-02 -1.289401059387187964e-01 2.173303615318201154e-01 -1.992013190411818790e-01 2.700914384490282760e-02 -1.783740127777543871e-01
