3.829808518831279152e-02 2.345411044076097795e-01 3.668114183713155896e-01 4.458714282857406674e-01 -3.997195293653588166e-01 -1.231006588860741324e-01 -4.187881907777974977e-01 2.458973910977695354e-01
-6.029929038232506588e-02 -2.590254774378210056e-01 -9.317812416200577097e-02 1.155640741290969720e-01 -1.672088013463925993e-01 2.268298125800938259e-02 3.375767715636974753e-01 2.400227521726561175e-01
4.305790820702636301e-01 -4.947845733516365030e-01 -4.709324469939917268e-01 2.598954376447951686e-01 2.261754321788392863e-01 -3.607845062134398262e-01 1.150755420032441023e-01 -2.171088889771651820e-01
-4.690890195673871332e-01 7.407021620065923351e-02 -3.207265476390851466e-01 -2.156489932532830167e-01 -4.757269256049846406e-01 -1.116275655448005777e-01 2.778712303270813866e-02 -3.267815415151436031e-01
3.331665830438167442e-01 -3.970499381035331732e-01 -1.863127507063803145e-01 3.717155638616242985e-02 -3.741119549556873869e-01 -3.265810437392777654e-01 -1.265050069598422366e-01 3.019601397157558598e-01
-2.798484120441699918e-01 4.962827333917401162e-01 -4.017744254935102788e-01 1.430232438632832448e-01 -3.681209732831514092e-02 -2.764612649377279352e-01 8.236581734889658613e-02 -4.020272971057463618e-01
-2.125933185628758881e-01 -2.554652286516256865e-02 -1.441755632438209700e-01 -2.324984515720094347e-01 4.012318718008820451e-01 -1.298579119588895159e-01 2.437187585498945541e-01 -3.620061872398930847e-01
3.242019075462863054e-01 -4.182683787762291328e-01 4.314488493504411437e-01 4.901619984301379684e-01 -1.307019934655058169e-01 1.223175578580599776e-01 4.801514215873919911e-01 -4.354033944952876434e-01
-1.600279891819230693e-01 3.114656521737840800e-01 -4.037918643429150301e-01 -1.690713719003712479e-01 -4.956228583737366522e-01 -1.131779749568503357e-01 -3.834801205730405949e-01 2.043110383909020333e-01
-4.562343618411902613e-01 4.687114366618663208e-01 -3.455264988381835378e-01 3.650471867895903610e-01 -1.202338147891087727e-01 1.549496994069933242e-01 -2.624202790206485725e-01 -1.687261747761662489e-01
7.605360674468675253e-02 -3.470657782266776126e-01 1.265813177433051662e-01 -3.860796739122734911e-01 2.226648396956181220e-01 3.028250132939385164e-01 4.257299931900645484e-01 -1.683879338106488710e-01
1.815755021573154382e-01 5.518694053892503337e-02 2.482002095030465538e-01 -3.706397473462081926e-01 1.733372882299358819e-01 -5.515901140548529202e-02 -2.129274471705683291e-01 7.424574523886517952e-02
-1.818734068576818297e-01 -7.490118250011756906e-02 6.375920229882869883e-02 2.543981935469555866e-01 3.619446121445456521e-01 1.469056654066953627e-01 -1.540718568541398215e-01 4.927689638476678846e-01
1.952499326098433574e-01 2.454170674358910897e-01 4.579340138779897096e-01 2.780843210795649334e-01 3.393842585972156600e-01 4.575781844145261346e-01 3.510726493817748484e-01 -3.011555436186577062e-01
4.231425123291108203e-01 3.413701186673284704e-01 3.089652516206595756e-01 -3.953016497164786314e-01 4.703241404963646177e-01 1.232732103205330665e-01 4.416755021295222239e-01 -1.707246949937406555e-01
3.896323422538549019e-01 -1.634238209789427021e-01 -4.964725992497074358e-01 2.551458739539252951e-01 -4.130696143826435573e-01 3.355883493424075548e-01 -1.969084831928376023e-01 -4.410974638561785399e-01
-1.890778577376328595e-02 1.471849952698950359e-01 -3.542674886637999787e-01 2.623116062769587087e-01 4.773078636919330098e-01 -1.576357319679377866e-01 -7.404397885479274688e-02 3.810140371000015902e-01
4.509272936587410685e-01 1.321904159993620986e-01 2.893547859040612735e-03 -1.698939677140735016e-01 4.049619906840397077e-01 -3.951290294890674737e-01 -1.119901658007821377e-01 -2.819050375506702011e-01
-3.856229327671976126e-01 1.994915970746974354e-01 2.299245823642422915e-01 3.876996044529371632e-01 3.755085681604078962e-01 -3.944325734065711186e-01 -2.589609605340578158e-01 -2.259435003388244878e-01
1.372615608560627809e-01 -4.454359743269850069e-01 -1.219852093866906628e-01 -4.110346173024526095e-02 -1.650896133993958736e-01 2.269123690834337070e-01 -3.943035434368171721e-01 1.033331119443359203e-01
-3.801504501023194038e-01 -3.026248335361643171e-01 -2.331052182622089797e-01 4.321053825471387055e-01 -2.952674047538339508e-01 1.765070397539547642e-02 1.891992300915690262e-01 2.620847364816292213e-01
4.453533629558178442e-01 2.459428314912240898e-01 1.523628616099294009e-01 -1.771738160355135205e-01 1.758007583725579304e-01 2.811640017086888266e-01 -2.200083673372933424e-01 2.894554127587440906e-01
4.951136855332372022e-01 2.280825678784863531e-01 -6.630891836296359809e-02 -4.948367187845457149e-01 3.535838819552529211e-01 -2.562333510075892606e-01 -1.539427831782548273e-01 3.060253435977117187e-01
-3.566697328813553947e-01 1.368224458708047209e-01 -4.563714534899266928e-01 -2.218040235488708545e-01 -1.503603286095421820e-01 3.837804707982513941e-01 -8.451757534405934802e-02 -3.761555116940289434e-01
3.447160861026155043e-02 -1.341919005868262849e-01 -3.057433924256554025e-01 -3.602509019359866338e-01 -1.824037794308999150e-01 -2.806926125842655884e-01 4.469530728431152511e-01 -3.692492604263909461e-01
-2.531074605210847928e-03 2.978622377760491435e-01 4.122048269647741181e-01 4.436190457583349955e-01 -3.924241670130180770e-01 -4.194685220378567836e-01 -2.594242741008045972e-01 -3.509631671172896983e-02
-1.217949520313683642e-01 4.156754780452788234e-01 -6.042438485996171060e-03 -4.984757359908722485e-01 -1.067615364718201842e-01 3.229977979232178109e-01 -4.374622677437026708e-01 -3.700085912420825185e-02
-3.771209559216586182e-01 3.745310131289301125e-01 1.599636747417229055e-01 3.015352589598007116e-01 2.505291505147888564e-01 -2.867494347794655729e-01 1.636164203383578819e-01 -1.867183570810162507e-01
-3.656502016885514461e-01 3.935829268322189600e-01 3.071659507789836763e-01 -1.083930373768027255e-02 -3.158699784251189913e-01 4.446737974310441821e-01 -4.988703871335360418e-01 -2.956157103414717158e-01
1.831817364786328950e-01 -3.981893544927773698e-01 2.273259077541542883e-01 4.625624885943746545e-02 -7.734066450136833915e-02 -2.799294754094696636e-01 -2.028837581206900387e-01 -3.054301117764629536e-01
-9.750736948479821198e-02 9.292446522341790693e-02 2.260177109095611314e-01 -3.610088287843058463e-01 2.399739154907376548e-02 2.927171956406989795e-01 4.776804877705441710e-01 4.676338815983560604e-01
-3.055459735944525690e-01 -4.718065458731091066e-02 1.228706811666862020e-01 -4.848706047471791347e-01 -2.335913303123989815e-01 1.952237717966125441e-01 -1.154947950997154971e-01 -1.509343672585895524e-01
-8.607504219695727432e-02 3.676345141486669910e-02 3.731092341798747380e-01 5.464329974266601830e-02 8.575570165941215350e-02 -4.960282638004215316e-01 1.126967837481345214e-01 -1.244645894152827115e-01
-1.336346000645012300e-01 -1.910548436493534341e-01 -1.909390303940632361e-01 -8.041784460578504934e-02 4.428782795844115050e-01 -3.832173681603204818e-01 -2.297441505660056116e-01 -7.939365334924952666e-02
9.278150369203630454e-02 9.453743914947554394e-02 -2.719288712737042424e-01 4.658664726910438647e-01 3.161204551426910481e-02 1.807031195061634676e-01 -2.234220044196041366e-01 4.128164378759042741e-01
-1.673816631786572140e-01 4.322105668190068251e-01 -3.749042105027949878e-01 -2.431657891721487053e-01 -2.756910544819924924e-01 1.778063197120727246e-01 2.591155270013711931e-01 1.381379129389878058e-01
3.747704317095346127e-01 -2.058977189485695636e-01 -3.324300025096771360e-02 2.840646591669263588e-01 -3.370324188491097273e-01 4.757570472760040969e-01 4.896695358041978086e-01 -3.034936813977819892e-01
3.092616700801629204e-01 -2.664350165868079046e-01 4.282846026606503820e-01 1.930983664717650372e-01 -4.407630898137311348e-01 -3.580141547813175951e-02 1.648675777773381812e-01 3.522914398197291019e-01
-3.113242154254808325e-01 -3.636372464310464458e-01 -1.923576542340388329e-02 -4.601951467397930040e-01 4.077761615621459113e-01 -3.306388399512616427e-01 2.394132108735560482e-01 6.094864391811283255e-03
-3.483515804487142820e-01 4.737260343887341740e-01 -4.041711386805968420e-01 3.856090127071482021e-01 -2.772161996024684605e-01 -2.048204954644011755e-01 4.568812130575962138e-01 2.878307126945827132e-01
-1.095645077728435446e-01 2.999587954496684139e-01 -3.523939358675957090e-01 -4.189788359030958143e-01 3.138024721456021959e-01 3.077192434395225051e-01 -3.733595646339187279e-01 -1.108654082960138787e-01
-4.178355648890458296e-01 7.445637127819537682e-02 -4.624223515711066712e-01 -2.090430421480018452e-01 -2.952136341495515959e-01 3.907592325171639347e-01 2.241031569883300545e-01 -1.139542949746658040e-01
4.186038149906035066e-03 -3.834449653010363335e-01 4.393441093248595664e-01 2.559231965944094300e-01 9.879732577084399114e-02 1.502733272126215436e-01 -2.120561356894362648e-01 1.927226926499275850e-01
-4.037089251026250158e-01 5.820336134854398047e-02 -4.074628705765324099e-01 3.301173820746283738e-01 -2.213294669062667586e-01 -4.873746181164795299e-01 4.009319622490054025e-01 3.548927681374730581e-01
4.058706728554251075e-02 2.987118238524932856e-02 5.369147005448648979e-02 -1.477681665946406486e-02 4.827678160150553621e-01 -2.570064260999420647e-01 1.304027039541028055e-01 -9.334594902186310605e-02
-1.613232062626281937e-01 -1.158214154004656438e-01 2.534702266255262071e-01 -2.579667912290264375e-01 2.598712351187548730e-01 -4.495714115138504940e-01 2.875250051108509952e-01 4.972241394306181617e-01
3.501943306176280579e-01 -1.596898383231781793e-02 1.025726880516061312e-01 -2.905695859384138657e-01 3.595021317205061573e-01 -2.872044264392287216e-01 1.544150528456398330e-01 -1.835409302892654360e-02
2.199556609693477105e-01 -6.511703514305500207e-02 3.029065718145418362e-02 -7.243323250022637438e-03 6.007595937362053551e-02 1.058723038599664878e-01 2.331535498078564084e-01 -7.728213917542192668e-02
-3.378154929025067865e-02 -2.746674151681643972e-01 -3.053999694289710742e-02 -2.976725625067551118e-01 -2.855558401241905520e-01 1.704267512389089356e-01 4.784215721765381346e-01 2.807990165306899488e-01
5.528630861653349715e-02 2.303419621525334415e-01 -4.187709740095337807e-01 -1.744218767571387163e-01 1.002202894128889632e-01 -3.535216617753433876e-01 2.285787044394286260e-01 -2.419393517126963156e-01
-4.463622870586664293e-01 3.912966949631492275e-01 1.855616559777936159e-01 4.919353877247060192e-01 3.082931601113115816e-01 2.632786824104778045e-01 1.716611417853108890e-02 -2.703011581504195515e-01
-1.604233976364455305e-01 4.471239773732550438e-01 -2.656119261431932888e-01 -1.651565125046694504e-02 -3.785868920817131444e-01 -2.140666914394760978e-01 -3.438989513033804402e-01 -3.607248604902481004e-01
-1.295385788892930989e-01 -4.082515229244518817e-01 -2.937923848575886288e-01 2.804332970600064145e-01 4.193509779897970358e-01 -1.685985288408522464e-01 -1.706974197943735838e-01 4.102317606126139049e-01
-4.368453475292685129e-01 -1.384092883881193892e-02 4.449167953673349718e-01 1.860053072969123367e-01 -2.168703833399161507e-01 -5.091353203955839568e-02 -1.736212323049918238e-01 1.140914071745604552e-01
4.370553360021600664e-02 -4.008403941357662204e-01 -3.208860495522414258e-02 -6.430337605024327718e-02 -1.590268255665427954e-01 -8.912714951523192930e-02 -4.940317639683243778e-01 1.851903131174963413e-01
-1.476986483395277272e-01 3.137824948776003486e-01 1.059672685397712311e-01 -4.331090681633585904e-01 4.618503358890696520e-01 9.848682723340640432e-02 2.148789389380137971e-01 -1.784215237549033883e-01
-3.938085832229660799e-01 3.020909599371274235e-01 -6.001814626834822697e-02 -1.712851512021048572e-01 2.801439927802372720e-01 -1.099385805830950247e-01 4.126323843515000700e-01 -2.695394135266944158e-01
3.842944620401863576e-01 2.062699743832712151e-01 2.164210870288990618e-01 9.022622393749479830e-02 -3.034530910345981658e-01 1.083715993193501426e-02 5.567794448531182550e-02 1.592953988877565674e-01
-2.528743795677268480e-01 2.509982666236195703e-01 -1.784436961532008814e-01 1.845590965160981423e-02 1.409651609509842141e-01 1.300610470233090066e-01 4.306747986055780020e-01 4.333022718979027132e-01
-4.794396436593931776e-01 3.050137303379218956e-01 -1.132031109243184508e-01 -1.817370884611230197e-01 -3.409693498856189997e-01 1.088711106409977480e-01 1.209205380838541677e-01 -2.978529954651931710e-01
1.153562939738920212e-01 -8.864706371474784241e-02 -3.881758516722495500e-01 1.955986353066713201e-01 3.698738811686839156e-01 4.417187964287195845e-01 5.997278911757042419e-02 -4.715353597894871296e-01
1.144863517272592945e-01 -2.612665913681760932e-01 -4.257943368141784424e-01 -4.081631547774567936e-01 -3.167071851904907920e-01 4.285886733491318656e-01 -3.974297547113759821e-01 -1.713622419628253457e-01
4.217426176332740306e-01 2.191776564605896205e-01 4.482110529520872966e-01 4.051966837946947564e-01 -7.840296648641220667e-02 1.637765005209825819e-01 -1.697768920960347483e-01 4.056793964814219278e-01
-4.567436077828412877e-02 3.804756575706018662e-01 4.796537029012530873e-01 3.034267797437018022e-02 -3.615206552194560885e-02 -4.891646143917973699e-01 2.229167495168495883e-01 6.030189705747057705e-02
1.334511000327630592e-01 8.672318774888343462e-02 4.710399094425903321e-01 4.487602778115077351e-01 -3.427397880353988402e-01 -4.973490867390898407e-01 -3.665642056045130825e-01 -3.612222047459819896e-01
-4.087041922036672714e-01 4.056361068244244139e-01 3.794923881585283709e-01 3.426975638643648958e-01 1.068174043020641006e-01 -3.374293265551746579e-01 1.672783040106637920e-01 -2.457182150985510738e-01
-4.914907444366720668e-01 4.449535154696275807e-01 -1.246323496628777283e-01 4.169129813391407868e-01 4.228459854565352893e-01 3.815614732327737846e-01 -1.817340828936979680e-01 3.508111481944417021e-01
-3.907363920980077010e-01 -1.582397546242417796e-01 -4.304489537816691413e-02 7.575283340856420189e-02 -3.282760362504644203e-01 3.217986311322259541e-01 -2.485099648945321427e-02 2.692539411688300577e-01
-2.074597818848067377e-02 -3.378922470382207388e-01 4.292287333570694585e-01 3.527664942289672201e-01 -3.403644985523583966e-01 -2.091353857282591822e-01 1.079010356951551897e-01 -3.629938205738092449e-01
1.099709858298769660e-01 -9.388403411285883848e-02 -1.347382581248801614e-01 2.674746810727214319e-01 1.352622606455489152e-01 -1.847992017486201899e-01 1.249408914400526038e-01 1.334794973478182767e-01
3.152385672457582722e-01 3.210082272801841885e-01 -4.914257774662633693e-02 4.137223184831156919e-01 -1.157874016853184251e-01 1.789140697912660061e-01 -9.197202364768297667e-02 -4.441865862771645634e-01
3.892550818072539887e-01 1.095195747270135689e-01 7.729086784027616730e-03 -4.819520063209224991e-01 -3.024324058791263425e-01 -4.663810765482052645e-01 -8.716705469012708818e-03 2.633688260313093998e-02
1.611182727721146568e-01 -2.153644968715884289e-01 3.832502941629095661e-01 1.989545594121570060e-01 -6.748767383361853334e-02 -8.518224711084132483e-02 2.639932469799627368e-01 2.196574783290365929e-01
3.229067441215266454e-01 1.999404478144573005e-01 -1.865838646091757536e-01 -8.867500648203585634e-02 2.342061455435670014e-01 2.947450250633777413e-01 2.800999948417378649e-01 2.225768468862999727e-01
1.248143755530208843e-01 4.305268115503522175e-01 1.818134261813961761e-01 -3.382857180853238166e-01 -2.310887637465199873e-01 3.507539178954408587e-01 4.884381922368458140e-01 4.246201204563774256e-01
4.917561703350592506e-02 3.330443058586640692e-01 -7.227329575535135220e-02 6.660008844927289839e-02 3.287102793410421331e-01 -3.093102297786164412e-01 -2.490586779746237767e-01 -1.247802516481878454e-01
-4.118489221865339056e-01 -4.996088943319783038e-01 -2.175315671742010792e-01 -4.170684299554983099e-02 -2.087610442470346772e-01 -2.928057474978951191e-01 -1.063658353441671034e-01 1.982943279797201308e-01
-3.522346181862588965e-01 2.689163298910675071e-01 4.709903642024507731e-01 4.089419002508974943e-01 -3.148196532141712689e-01 -2.932601127895817505e-01 -1.698769314637694761e-01 -1.523381835485861924e-01
2.934279382566484795e-02 4.785827721169159110e-01 4.081017681713212664e-01 4.944907894580832242e-01 6.125434597825829552e-02 -4.001866338220152475e-01 -2.135572951764383998e-01 -1.540073189695277955e-01
-1.357064422891463007e-02 2.709866489807697398e-01 -4.825035923558095297e-01 3.608232473914835259e-01 2.306336617990696336e-01 9.388205665632398667e-02 -4.518483638531289870e-01 7.698616396046409349e-03
-8.985751350000936721e-02 3.028294367191158853e-01 3.631981474112786490e-01 -2.192894465883503674e-01 4.463862021590373486e-01 4.660047286493492757e-01 4.020324929471085218e-01 1.234684808772570364e-01
-1.404974946033776817e-02 3.366772945060482192e-01 -2.344315859512879907e-01 4.502896201279029675e-01 4.810029995547983050e-01 1.132061929893405372e-01 -4.574778355285593623e-01 -3.460813988041180345e-01
4.239060992515866211e-01 7.426175367163256880e-02 4.975331572568153504e-01 -1.787772455532425919e-01 3.734778014645078192e-01 -4.305715599480020028e-01 -1.429586696433361448e-01 3.290409542045271696e-01
-3.844769878922865702e-01 4.783032025676134946e-01 -8.814405704514416406e-03 2.217188568653427616e-01 -3.310616572546890568e-01 -2.006003385734689282e-01 -3.286062154286157888e-01 -4.379017350581511092e-01
-1.404776438789852033e-01 -8.846161098774452114e-05 -2.373120317968977488e-01 -6.760291060944123576e-02 2.114333478160789204e-01 6.429745512363804760e-02 -1.833405434107409082e-01 -2.331498195967677267e-01
3.230325947758849736e-03 2.816163568261274008e-01 -4.002234884169336704e-01 -1.553819481255171997e-01 -3.690012341409240060e-01 -9.579488109846856503e-02 -3.387235357850153505e-01 3.618782327034186785e-01
1.998814189341844294e-01 4.205127143013386304e-01 2.709112935477326900e-01 8.635072498360107929e-02 -4.657301223058644135e-01 4.582811495982277439e-01 1.023476036508990106e-01 6.979862682622173242e-02
2.917287510331879608e-01 4.405481380138037695e-01 4.583562311555692270e-01 -1.642742027497571256e-01 1.568039927705150438e-01 2.655934291567415562e-01 -1.477674668487094500e-01 4.284974635774704277e-01
-1.060538550767774479e-01 4.337630301720379888e-01 4.646207524895816787e-01 2.589649058355800726e-01 1.163710531700068440e-02 -1.519823314476684839e-01 -3.091005020991594021e-01 2.634691841914259536e-01
-3.288625986759732278e-01 -2.433471211345782370e-01 -3.049194846405799408e-01 -2.144444515763316295e-01 1.764986825171697138e-01 -3.983875215983730955e-01 1.369067676696139602e-01 3.206576122750164348e-01
-5.665075457052426433e-02 -3.879754594049135141e-01 3.332020999423565000e-01 4.441547676520907206e-02 -3.876411866060442968e-01 -4.211020794455981875e-01 -1.925002176540402399e-01 -4.624483736502383868e-01
4.804021252621640814e-01 2.796817105507037882e-01 -6.213709613329165826e-02 3.737944163539245190e-01 3.855776021220412852e-01 -3.687233687543161054e-01 -2.466057464576587588e-01 2.599159155038195390e-01
-3.631245253142096896e-01 -4.748886788891538702e-01 -3.763331977267692086e-01 -4.136621596732357187e-01 -2.791342380670186474e-01 2.747265406504524332e-01 -8.843972752201945120e-02 1.195426155536882806e-02
-2.018379939010443991e-01 -4.745237937329852551e-01 -4.285825819578152895e-01 -3.763477510133168558e-01 1.443297168675258257e-01 -3.157769376362629110e-02 -3.623667890615278608e-01 -2.495842048954398651e-01
4.437202375258616494e-01 1.986908948128751629e-01 2.984294487209161462e-01 -2.131569372782263772e-01 -3.456146397251542712e-01 -2.086404318554284654e-01 8.005301319689461792e-02 3.769027498013277633e-02
1.001446392711399236e-01 -4.216356494983586334e-02 -3.449308902534842236e-01 7.173506451137312556e-02 1.297434168194931958e-01 5.258246741472560881e-02 3.627932294106114286e-01 3.040131138441962699e-01
-3.625184687202999134e-01 -1.023174892073602793e-01 -4.870041686574413387e-01 2.782942431295241104e-01 3.764918056682675651e-01 2.968232746659271726e-01 2.989018135351009242e-01 1.889351618801842214e-01
-4.513207261473691778e-01 -8.828080620839207082e-02 1.285705177996957493e-01 -1.342756361256233211e-01 -2.895260116400169004e-01 4.016244599718358232e-01 -3.053638936613689570e-02 -6.595662034145977071e-02
-4.010443813061873586e-01 2.336839834840515051e-01 -1.546808496769485064e-01 2.889047949435971097e-01 2.110243381421950115e-02 3.363124828793807586e-01 -2.743430868425257296e-01 -3.593296684998292800e-01
-3.956430988039396635e-01 -2.079529626486239513e-01 -3.682862441429073375e-01 2.009731005970142315e-01 -4.840196311767230863e-01 1.977419529589194980e-01 2.055438401573013163e-01 -4.919780081734851374e-01
