2.060834581760679907e-01 1.439541222296081280e-01 5.791913163767065109e-02 6.189422717997178358e-02 3.795636517162320756e-02 2.351183670340359910e-01 -2.685871944115031384e-02 -9.666437943946587508e-02
1.268384364779118201e-01 -2.481411599459184547e-01 -1.335822141656299866e-01 -1.846958718195779170e-01 -9.464079732620650498e-02 -1.637770075043107343e-01 6.871836005829168315e-02 2.111270323375249447e-01
-1.013532463681675044e-01 1.257423112735221449e-01 2.394518534797398512e-01 1.799190055752872830e-01 2.722451988512419874e-02 -2.885418319095195416e-02 -1.002793336658299728e-01 2.457737261277361251e-01
-1.117887193846506255e-01 -4.586627866103210049e-02 -2.208739626875462214e-01 1.177173778347936905e-01 2.012532638150026920e-01 -6.247899323085182033e-02 -2.116511005176095472e-01 1.445280461105680203e-01
-2.078264720013472955e-02 -4.046439638941662365e-02 -2.687717907433512243e-02 -2.493662016777336565e-01 5.544562633283139919e-02 -1.409204552992110449e-01 1.674014116425004417e-01 1.412985585091913743e-02
6.894623391428128523e-02 1.199333574054951002e-01 -4.760197935032378647e-02 -8.867935781148605923e-02 -1.832100600967526693e-01 -1.991433057095276515e-02 -1.538858024600652796e-01 2.142278556077737983e-01
1.591904830200742693e-01 2.759652084121372306e-02 -8.723334681819405745e-03 9.952886925260179263e-02 -7.385740734587198375e-03 -2.669582028685751895e-02 5.325939499579240843e-02 -2.273458212030136094e-01
-1.456170529929229351e-02 -5.100946167202469184e-04 -7.503211125862291331e-02 -1.924715492620052704e-01 -1.720245370871309465e-02 -2.191310534686431999e-01 8.030898461629465412e-03 2.314139271701114997e-01
-2.189857621004088761e-01 1.864598313817446007e-01 2.325266589718696930e-01 -6.827982053743814062e-02 -1.183001312757044898e-01 2.037353575295317576e-01 9.974299580952550315e-02 -1.211059805840392078e-01
-1.257626420442902737e-01 -1.871577111573838881e-01 1.649741804161518610e-01 -2.247823495763628943e-01 1.017310919078233677e-01 1.315787642153064541e-01 9.841279498581306795e-02 -4.546603714585112366e-02
1.393408715185094904e-01 2.099902929583730149e-04 -6.520901279172858223e-02 1.419083313079751441e-01 6.707389431758564724e-02 2.004531762496677971e-01 -1.835162842470789979e-01 4.058829329038843303e-02
-1.776457013947740360e-01 -1.994002893771179563e-02 -1.683257197043356301e-01 2.339381823959856277e-01 2.438196042209310743e-01 -7.981656520037011537e-02 -1.198286995723485404e-02 1.405319045727190241e-01
9.197350196747228201e-02 4.971647148426683316e-02 -2.232516335438041177e-01 1.503731470248274582e-01 -8.146134866648419015e-02 1.927063437292768633e-01 -2.060042841682794834e-01 -9.027386570450801617e-02
-1.824960685543987049e-01 1.335972992173178886e-02 -2.194339089033859880e-01 7.777352876747412047e-02 1.454035207131648688e-01 1.693628342228981620e-01 1.296448118024829954e-01 -2.419652176266874899e-01
2.196364229212412478e-01 2.400617866609439099e-02 -2.037635266766796849e-01 -2.064976417125993224e-01 -9.853217666209856951e-02 1.376717733601438565e-01 -1.646123589460818382e-01 -1.273135335904576060e-01
-9.804659779565094713e-02 -2.381272364536404784e-01 -2.045951062717155655e-01 1.956574962174910115e-01 -2.076966074576078181e-01 1.722289372810206221e-01 2.398101866969418183e-01 5.770082621602223849e-03
2.495471942051397662e-01 5.523550062400656158e-02 -5.971493633914470855e-03 1.802394410739551756e-01 -2.617804287650410400e-02 2.040914182373892993e-02 1.648128670250531558e-02 2.133756662683242156e-01
8.189227543753690997e-02 -1.846930448147346415e-01 -1.547921258731632110e-01 9.307041800694032530e-02 1.908651753886127511e-01 9.467137874894149263e-02 6.199580262545512088e-02 1.655219204602308980e-01
-1.159363194001850061e-02 -1.781853305187458547e-01 6.979803955042124253e-02 -8.326713866905111061e-02 -7.935938871398212635e-02 -1.801318663188076763e-01 -2.323510512856535315e-01 1.363523636578745091e-01
-1.085605194602838885e-01 2.545717365748484395e-02 -4.976259701193980201e-02 -2.031046554419062011e-01 -1.202157342982600463e-01 1.409142723229713789e-01 -2.115471426932524768e-03 1.880537634929476121e-01
-1.649098604104898280e-01 2.366288841609053284e-01 -1.005061790180587500e-01 -1.448382241332479836e-02 -8.087296476801519862e-02 1.976911337920915224e-01 -2.200686596225027714e-01 9.070119027525441746e-02
2.291460228919419140e-01 -8.705606287041955937e-02 7.592723024042441482e-02 -7.789556641455386288e-02 1.756285357502201938e-01 1.719074722341346062e-01 -1.317827407959900055e-01 -7.922509083334366986e-02
-1.137971063920606429e-01 1.397439979394835552e-01 -1.417696505806995688e-01 1.804741730228881513e-02 2.032399837567175349e-01 -9.386728773436792128e-02 -6.362308248413822698e-02 -2.372256787074311646e-01
-6.340540678684097875e-02 2.376775472392252397e-01 1.692564769832561322e-01 -2.228092166531783769e-01 -2.020793366168237015e-01 -7.572291783081924743e-02 -5.397437514166880668e-02 7.807628829616886090e-02
1.258125597806087348e-01 -6.578100765380567871e-02 1.617819944135630017e-01 3.913788449934441083e-02 -9.030634005516158247e-02 2.764322700102067598e-02 -5.023000574894187498e-03 5.593023449883710585e-02
-2.163546429201241295e-01 2.366247689304511459e-01 -1.578534101400839718e-01 6.094895346811851633e-02 1.102238273509147937e-01 1.472432668665600852e-01 -1.087058671054222936e-01 2.173183138566672223e-01
-1.132709741082111310e-01 2.473663667786558107e-01 2.241920360737854612e-01 -1.901047617755781682e-01 -2.822700588743176642e-02 -8.428232239254890290e-02 2.219934903671135773e-01 2.965676731642202801e-02
-4.895672825588692767e-02 -6.461653146491846966e-02 -6.496689580727715851e-02 -5.000466494421618169e-02 -2.071496573369146499e-01 4.645110073415970042e-02 1.129860518962347293e-01 7.325484712239643814e-02
7.212194766467361351e-02 -7.900836634329738706e-02 2.080110569687386723e-01 9.981890259553272138e-02 -1.384954769232095706e-01 1.041285063645505105e-01 -1.268779719280671570e-01 -1.531969833712979456e-01
-7.157022669637147505e-02 -2.307896962354335502e-01 2.428159908511479670e-01 1.711980372571914044e-02 -1.366113336722372118e-01 2.118190753706653551e-01 -2.197636792802425409e-01 6.563186875246590501e-02
-2.416541786920534118e-01 2.093647430238622653e-01 -5.313084013536795158e-02 3.522776830091944866e-03 9.760609121019703238e-02 2.168072086892058881e-01 4.047908887167761538e-02 -1.088007596726364712e-02
-1.019793317739792204e-02 -1.733417921074387191e-01 4.362816468983310436e-02 1.416319657711166413e-01 1.594753402291755884e-01 8.945657191350153692e-02 1.554345314503021158e-01 1.626366875269202872e-01
2.025044249201780056e-01 3.722425282705316141e-02 2.505374363501827739e-02 1.548698868756731017e-01 1.385275647419879630e-01 2.259820444622480107e-01 3.342435858126918680e-02 -1.761463679283850614e-01
1.574455608161943188e-01 1.403945045691268878e-01 -1.890598706679958996e-01 1.626296026677722661e-01 -1.013552690353111130e-01 -1.239537654450457715e-01 -1.745066954897095401e-01 -7.135781596063622834e-02
-9.228622666089664195e-02 -1.705366295187183412e-01 1.132929201615362480e-02 5.589342544093606202e-02 -1.991979600846534026e-01 -5.545551086216060632e-02 -1.009083892332022780e-01 -5.762007448155431755e-02
-1.136383739410245508e-01 1.659452059728117046e-01 -1.484174860173342325e-01 2.053681437734600768e-01 -1.154109626322730175e-01 2.285948564621415047e-02 2.407521644199556721e-01 9.630909100225643060e-02
2.451907612668270953e-01 2.029286433972264381e-01 2.290654557345796483e-01 2.384698728095004383e-01 1.559378025738591411e-01 -1.414183108679388789e-01 2.477054043584889786e-01 1.731613474510033113e-01
-4.111744637292108484e-02 -1.361420903705449770e-01 -2.216654196762436468e-01 -1.884683820099735119e-01 1.028666205225385322e-01 1.093347392396616380e-01 1.544008704075872096e-02 5.283844582373670162e-02
5.530683199493530156e-02 2.020238120824315309e-01 -5.830673761757793061e-02 -1.856516152388154040e-01 -2.040176831384381551e-01 9.580261036807224961e-02 -2.166092846221001622e-02 -2.212663533063071175e-01
-2.413489634294084807e-01 4.840448143921860513e-02 1.230569042025842497e-01 -1.231409910515525730e-01 5.386647376210729199e-02 5.606485229511820600e-02 1.104592193863985217e-01 1.430589765827511850e-01
-2.237029647185351244e-02 -2.242347069908313673e-01 -1.546978329056291068e-01 -6.465299001023289138e-02 -2.510523328224878448e-03 7.681027713805510526e-02 2.883135498032696198e-02 -1.680624224584146287e-01
-2.290547503224898973e-02 -6.184064125849431104e-02 -1.512840361040793669e-01 5.454781991444773714e-02 -4.295730734617847490e-02 1.243259064192043795e-01 -2.315909001755707131e-01 2.104085695635550257e-01
-4.549833105748879447e-02 1.527205893688245442e-01 -1.697295563160724496e-01 -1.441848176192778164e-01 -2.118421800468466287e-01 5.425367505941064428e-02 -4.188925666570553208e-02 1.160315009733254299e-01
-9.984013589552248602e-02 9.368914936725947218e-02 5.944279695230286764e-02 6.909790854437125596e-02 5.005837495632992074e-04 -1.446489126617991339e-01 -1.234345595766199177e-01 -1.161529456804379357e-01
-9.085141534237523020e-02 1.696561150003454421e-01 -1.056257318738637596e-01 -1.342169233043891685e-01 -1.962675073278120075e-01 1.716865024362144720e-01 -5.351080533577795562e-02 -6.892438191119398816e-02
-1.843224091871242809e-02 -2.053096078924713241e-01 2.345260613996680843e-01 -1.468563521797411897e-01 -8.385769544091647987e-02 1.827851305479564759e-01 2.327672593012702906e-01 2.044614076694917237e-02
-2.014206886430579546e-01 -1.977327033900979081e-01 4.109770441031784793e-02 -1.297030349941062921e-01 -9.453318774979146966e-02 -1.569194229297108945e-01 -3.317917741603160220e-02 1.270891655666591680e-01
1.300064414980444671e-01 -1.800091846492183345e-01 -2.494739360748273738e-01 -1.350115129136769676e-02 8.506678708208775808e-02 2.148173341292601846e-01 -4.816634925973262149e-02 -1.615517483053982573e-01
4.064084390630584576e-02 -1.204432909694818088e-01 -1.419587970030006252e-02 -1.237020303775123176e-01 8.221484540523404938e-02 -1.585743787618648648e-02 -2.366161198004986810e-01 1.034939186253636123e-02
6.474123778522639094e-02 5.368612037102704626e-03 -1.817575929725603334e-01 -1.888439818701184714e-01 -1.096534133335652084e-01 -6.370316499911626851e-02 -1.944396598608459925e-01 1.379391339709044040e-01
-8.452530434023880490e-02 -6.874350742992457741e-02 -2.387872624497791030e-01 8.059313983290850025e-03 2.114354643843598947e-01 1.057446757302631934e-01 -7.414201610320508840e-02 4.327451070360832652e-02
1.193963900067195882e-01 -7.835028285085848809e-02 4.664555149314164595e-02 -1.588725825085455789e-01 1.350903777903174063e-01 -1.973263755721940682e-01 1.223039197011016044e-01 4.863414597513021631e-02
9.537275716670995385e-02 2.376149606499411426e-02 1.373938736822392648e-01 -1.349866895166387804e-01 -1.034366714035350743e-01 1.903788780167433026e-01 -1.585982254155772764e-01 4.246961490586448340e-02
-8.225211044404273641e-02 -1.802887961899018454e-01 -1.242969406552457690e-01 -7.245493455539792071e-02 1.844045392292477104e-01 5.618880398082876093e-02 -9.552241250738524592e-02 -3.142121789626045603e-02
-1.610202423994947507e-01 1.526474198032791718e-01 8.371914031743959983e-02 7.304332145170089330e-02 2.512270734814042727e-02 1.407821098530442905e-02 -1.204948258420577845e-01 9.041295734165255560e-02
-1.775466201962356827e-01 -1.490173495787963098e-01 -1.256415037912469446e-01 -1.696769012129750731e-01 -1.172778045338657704e-01 1.290012281018829698e-01 2.362973178170721944e-01 -1.381701956911980389e-01
1.675090464341947860e-01 -2.264585365889577040e-01 -2.191126936391052382e-02 1.917191773384078202e-01 1.212304483257280463e-01 -1.561653578431572709e-01 -1.691918846465935156e-01 -2.007679451790843062e-01
1.505909135774649577e-01 -5.782025688644198969e-02 2.280392284742823739e-01 1.945251441986873275e-01 -2.279773611373709374e-01 1.675429561373116272e-01 -1.729423515292388136e-01 -1.988170220121696086e-01
5.080556204410602295e-02 2.837799873491586578e-03 7.374590171174977282e-02 1.617939118645300711e-01 -1.378203416026034800e-01 1.180219365059528847e-01 1.965974844553973755e-01 -1.643408020275284875e-01
-1.097430884609575386e-01 -2.199963596212751171e-01 6.985485784736772397e-02 -1.463650371966338515e-01 1.030021683522450715e-01 -1.961993586757636576e-01 -5.032077995590467090e-03 -3.249184082879191804e-02
-1.637439163840261891e-01 2.215960934951951566e-01 5.147290181241753748e-02 -3.935752265313996467e-02 4.055543247011894614e-02 -1.850107137250175948e-01 -2.178416088820906982e-01 2.236783294764022045e-02
2.455402990174220257e-01 1.515988310035752407e-01 9.558140959108735180e-02 1.985120038349740823e-01 -1.706368753443391340e-01 5.407019131998763717e-02 -1.198006610775601555e-01 7.155199686541396931e-02
1.753454790072569991e-01 -9.378059934591642666e-02 1.129537887650656214e-01 -4.350412120067648214e-03 -2.114563206020290131e-01 -1.050048153740514856e-01 -7.342261063357091722e-02 -1.356458026607001988e-01
3.485257220060905547e-02 -1.874710588004693812e-01 -2.795676914316019834e-02 1.679572398103379993e-01 -1.911639186144604707e-01 1.750861032415876872e-01 -1.967088710797487705e-02 2.097698718276908014e-02
1.645909914340619729e-01 -2.120265425344648458e-01 1.716869482416005788e-04 2.381694784992070546e-01 -1.612681625172099342e-01 3.201497221854310293e-03 -1.391761280093780639e-01 -8.858872474196205493e-02
-1.902373199840927120e-01 1.637542710366125531e-01 1.022956991582230080e-02 -2.499125105022583782e-01 1.514830338130485621e-01 1.774999495557672557e-01 -2.202974958030617936e-02 1.161116817556538394e-01
-6.228612527185994896e-02 9.209149127091986742e-02 -2.331497652894219397e-01 -2.325003388051588016e-01 -1.523671140394439738e-01 1.297404618891748740e-01 -6.528367199352824723e-02 3.184690579661758614e-02
-1.911129740311937053e-01 1.214420749782298414e-01 2.082688998957726856e-01 1.885615389618019444e-01 2.071372102864947884e-01 -1.498169270293885358e-01 -2.184406537518406854e-01 1.111327649403334172e-01
-2.364250451307507439e-01 2.278288208047856145e-01 -8.463462392698595238e-02 7.241811916008661365e-02 6.224178127765278568e-02 1.763085330890273861e-01 1.351510523095911243e-02 -7.468917039615569076e-02
-3.604049140602949564e-02 -1.735386772993442461e-01 8.216936845100275555e-03 -4.462403969974299001e-02 2.302180084108754188e-01 2.161041273209163283e-01 1.557591128364620436e-01 2.390738951966925319e-01
-1.397981478225076013e-01 -2.188378800443184224e-01 -1.087149846365668138e-01 1.807221462864104788e-01 2.482702271237874903e-01 9.965926693833332406e-02 3.842170600426170202e-02 5.959236353614311144e-02
1.387925517582620505e-01 2.072754852343815513e-01 -2.342279023480377531e-01 2.115190634746141884e-01 -1.615239641198661369e-01 -2.173257002661257431e-01 3.263806689214127088e-02 2.255422034188938052e-01
1.738012701200296051e-01 7.347406074477969007e-02 9.014372351738464406e-03 2.442929629427424976e-01 4.212218342527551673e-02 -2.606290215848361402e-02 -6.490852180970158036e-02 1.228676414628782632e-01
3.612802147592453217e-02 -3.554264204454615772e-02 1.564213263821467859e-01 -9.467713989976384026e-02 1.485917550614335170e-02 -5.126524382006070191e-02 -1.513129359014481201e-02 1.493540405061671850e-01
2.195930031635210389e-01 -2.151392916618104501e-01 1.160073063106383251e-01 -1.881995100746686189e-01 2.355048178719569840e-01 4.162930321663627087e-02 -1.508631299944944715e-01 -1.441869514613707270e-01
-2.989007661387049763e-02 -1.468743509999240193e-01 -2.266120230654303236e-01 -7.916585648729546065e-03 4.363651021442316313e-04 -1.585732876813105707e-01 -2.338068981204964314e-01 -9.327697446733951292e-02
-1.239205288145018291e-01 -1.270884548768862476e-01 -6.234205495469347102e-02 -4.413722010961251829e-02 1.352877278932633764e-01 -2.341362062534256827e-01 -1.932907808521210913e-01 -1.362915962301867734e-01
-6.684690873744153494e-02 1.482763277255678136e-01 -2.470192192664434350e-01 -1.194133421156083341e-01 -2.239183394122978288e-01 -1.955487476930269919e-01 -1.171713230065135614e-01 8.708665071095378352e-02
-1.424537809232641061e-01 -2.140690331173890626e-01 -1.920187032990844922e-01 1.676116617527833585e-01 -5.243914827853118910e-02 4.177591368604205435e-02 -6.958399786783658891e-02 -3.362975331588735628e-02
2.002991158005996142e-01 1.402210460415176385e-02 -2.102086599283790602e-01 1.252412331598838358e-01 9.589274178453838227e-02 -1.036905682396165873e-01 -2.165021552026196172e-01 -2.286171840343796946e-01
1.341034353073317087e-01 1.608434209937131265e-01 6.708768452904056989e-02 -2.039257885446810192e-01 4.527061826526418420e-02 -1.519062214487948426e-01 -8.810009933306878205e-02 1.983835972683643534e-01
-1.061343040008783101e-02 1.765280386927240985e-01 -7.130868267582968212e-02 -2.260589745066099998e-01 -6.798115013070621382e-02 -1.976453966655102867e-01 -6.713432288497966915e-02 1.699424906378152467e-01
7.715309297343608819e-02 1.141093321856634368e-03 1.613571283554443569e-02 -2.710885993245898407e-02 1.246497501764625704e-01 -6.899153112210065775e-03 -1.645772722936785781e-01 -1.516117757394438437e-01
1.813232806407342745e-01 2.784810629280221050e-02 6.800435302001761606e-02 -7.797799656502507615e-02 -1.563372801221877273e-01 -8.569120980484545846e-02 -7.878488653432558220e-02 6.757634199272921638e-02
5.342986230895385713e-02 -1.992037304775239881e-01 -1.018692645024347754e-01 -2.085461062225474893e-01 -1.481390342481516131e-01 9.577611917024053678e-02 -6.309518510884909448e-02 -9.093204808169891296e-02
1.264031182424785738e-01 3.517372540507218703e-02 -1.852535547171937913e-01 -1.136862368954694169e-02 5.806755058973189776e-02 2.484628040646308378e-02 1.587940976590786479e-01 -1.120964104831093655e-01
-1.254919543831206630e-02 -2.094182797252094330e-01 -2.701028473907479688e-02 2.269322373450580743e-01 -2.190469058480509212e-01 2.073470958058727942e-01 1.773371072146577299e-01 2.479753894152949556e-01
3.230000740623489852e-02 -5.540371000958160819e-02 5.614774086232693362e-02 1.696051393182453348e-01 1.454449378036420937e-01 -1.242758090834155116e-01 -2.498655511446276623e-01 1.358784964758567027e-01
-4.657961412715616589e-02 6.830555781217145794e-02 7.648482839793502297e-02 9.995145795548154855e-02 2.119246020657361562e-02 2.149365495174673235e-01 -1.735159353404220339e-01 1.086067648038384070e-01
1.485460315213188442e-01 6.004075598450953066e-02 2.932503444002099169e-02 1.184847399295338444e-01 1.164424652799921911e-01 -3.667087518362682763e-02 2.372201212692452432e-01 -2.105977896509206304e-01
3.238726717366785524e-02 -2.060101463392332577e-01 -1.052636480388391416e-01 -1.655819785223611174e-03 1.695677682127124108e-01 2.185944954434604348e-02 -1.398432030970004347e-01 -2.439481768041706911e-02
-2.320038406347279536e-01 -8.864711641779415841e-02 1.437623459053000152e-01 -2.350139728320060906e-02 -1.701668041860299185e-01 -2.092055189759639000e-01 9.607301354416403205e-02 2.425441482438586704e-01
-1.551246649170051617e-01 3.039790630318583986e-02 -5.510231681758820388e-02 -4.181502656773111726e-02 3.639748874412540580e-03 -1.110773199242471310e-01 2.126879251609829491e-01 1.925513815943383222e-01
-1.939079232127935981e-01 -2.065147442066244121e-01 -1.132874940494267846e-01 -9.367937428273753753e-02 -1.361284206618773585e-01 1.389661188477735454e-01 1.469289489154187445e-01 -1.914466645099895392e-01
-2.331173551363528995e-01 1.394169705933076542e-01 2.290933068933051486e-01 8.354439322605267115e-03 -1.150100439008280850e-01 1.238471628302735272e-01 -1.848881726360281363e-01 -3.005256377390796985e-03
1.044799229412120556e-01 2.412689559614131785e-01 2.252239382186032590e-01 -4.965742216148760768e-03 2.322510073977617773e-01 -3.103344957075404587e-02 -8.665989452423489281e-02 1.140072423959806458e-01
6.964875272509940540e-03 1.453824657363078088e-01 -1.627365438997714908e-01 1.686411466351527277e-01 6.516741418820726217e-02 1.685406666254681274e-01 4.564705643214556074e-02 7.106872009373060850e-02
2.260436085949908414e-01 -1.918571217893094705e-01 7.002201802167540290e-03 2.203762738382392672e-01 1.871694635250291117e-01 -5.538121970203907507e-02 1.399957482925121011e-01 -1.226986452329215105e-03
1.902001029743111138e-02 5.701181034362939881e-02 -1.137047105557204008e-01 -2.185204908389400402e-01 1.412178560207174027e-01 -2.138571199884660157e-01 4.543166684671634536e-02 5.205670010236651546e-02
1.429502362825353923e-01 -2.449427845215915167e-01 7.232619212674040732e-03 -1.253561730001232499e-01 1.843652267447100646e-01 -1.141072468458641520e-01 1.695560714754751341e-01 -1.698517586179441041e-01
