-2.418865023785781720e-01 1.037853905897275775e-01 -7.980900111011268727e-02 2.354821130313369815e-01 6.430026169354574606e-02 -2.696777444978393223e-02 2.203811169378955270e-03 9.646657085999482684e-02
-6.823138101611792017e-02 2.346138913071353360e-01 7.840410625004817780e-02 -1.779655924782050369e-01 -7.494426085136635107e-02 1.724158977737151321e-01 -1.071259637716212576e-01 -7.779800721169649602e-02
2.129464223708905646e-01 -1.803130426635910499e-01 -1.254696186691179882e-01 -1.116399023325516660e-01 -8.983928083622177985e-02 -1.785024063961354601e-02 1.649783787242009581e-02 -1.920369249246672849e-01
6.569234654924016592e-02 2.066871721073443857e-01 1.122935839511053357e-01 2.172016260336102067e-01 -1.474993427321784623e-01 7.168823796138684701e-02 8.649717249800908947e-02 1.470484206254314974e-01
-2.056351788573544948e-01 -3.395280402139561060e-02 2.192582535792609866e-01 1.456653290588805771e-01 1.994055419199563528e-01 -1.108597055348701232e-01 -1.883568329064250757e-01 -2.078367897129976272e-01
-1.901009339982151491e-02 1.355954539704036788e-01 -2.005114150553816699e-01 -1.719745741387291305e-01 1.430218578162704701e-01 7.427964186986663053e-02 8.565142686308402364e-02 -2.445072718045090410e-01
5.136799690062515689e-02 -1.235167835916654022e-01 2.118950037326528535e-01 5.730645950285612189e-02 7.304487080072191718e-02 -4.777182159812543016e-02 -7.798200078359995846e-02 -1.649632723441927240e-01
-1.296001983291173998e-01 -2.370583920335594952e-02 1.652821060044157853e-01 1.018498467376543481e-01 2.672315468440866759e-02 1.708072554217900385e-01 -1.223852380300566867e-01 -1.996048823407340911e-01
4.575929335592382463e-02 -1.837959432759117551e-02 7.525470906531128712e-02 -1.936757097655505411e-01 -1.690410366317721125e-01 -8.073061567174516506e-02 -7.703574826859516111e-02 1.518857870357448459e-02
-1.784081467241437902e-01 -4.786219252236628696e-02 -1.998078004689339826e-01 -2.461865942341141533e-01 -7.763087565266668655e-02 2.465289027218006690e-01 8.959136368891273960e-02 -2.305146665134350514e-01
1.088195433150250802e-01 -1.139775824537845317e-01 1.859902897384037579e-01 1.029348150673136120e-01 -1.180617692760499438e-02 -2.109634565349799429e-01 6.229414187501863820e-02 -1.869182764203182745e-01
7.605846063906906984e-03 6.269588857728208842e-02 -2.178688203907868659e-01 9.804541191182264415e-02 9.921596183231784494e-02 1.006874425919349614e-01 2.250323640646598733e-01 7.181841715842723906e-02
-3.545947021091361284e-02 2.475566969909816506e-01 1.833372400133230218e-01 9.250989700978040631e-03 1.718511035917638097e-01 -1.093335741278632645e-01 1.284597685882215012e-01 -1.943338692055385231e-01
-3.368439794992944547e-02 -5.041837589831571487e-02 3.146532337449658989e-04 -7.624282708771001893e-02 1.354833483159086915e-01 9.432249499981287810e-02 8.384933268788696825e-03 1.805981174898947383e-01
2.232601552475408924e-01 1.158840287809931868e-01 -7.203049967684327370e-02 3.284221001020665165e-02 -2.764655957879730286e-02 -3.577975440753178304e-02 -3.091540725134289680e-03 -5.751086228742374740e-02
-1.570374019301172819e-01 2.015062273271006066e-01 1.019763031503615469e-01 2.488881571676382354e-02 1.337477580354200501e-01 -1.284924475710349512e-01 1.050231998382267218e-01 -5.501504810435287052e-02
1.778498660511381724e-01 2.117547452403418795e-01 2.523655735787616594e-02 -1.442569977070483622e-01 -1.627389771773564697e-01 1.929083071351593293e-01 8.205504225967441556e-02 -1.462858919759724152e-01
1.703538803091514398e-01 -2.236717088867974379e-01 -6.182156086789597493e-02 1.708123849243486370e-01 -1.989176327165559366e-02 2.809997170454231474e-02 -2.473291715276262903e-01 1.691369851753690146e-01
1.341784977165914605e-01 -7.003245046922174089e-02 1.564867743623308272e-01 -3.605415337715583979e-02 9.037348527739685888e-03 -1.328547466370678110e-01 -2.377696090815146213e-01 2.282253119071131486e-01
-5.090898140513766545e-02 6.321248708685500706e-02 2.060214327571837645e-01 1.888582250070997559e-01 2.959630145824082570e-02 7.380751122112561013e-03 -1.421570066707542046e-01 2.196564039320325623e-02
-2.438053548994395525e-01 -2.246394336753086973e-01 -1.863010322345711178e-01 2.371424096394370018e-02 -1.044624286260229518e-01 -4.737554320379078199e-02 1.455828344245596595e-01 -7.893426942913622790e-02
-8.609556072163981888e-02 1.438345220787912715e-01 1.738959972447956526e-02 -9.835892225367776076e-02 -4.948423572420662664e-02 -2.054142779087336224e-01 1.917053841617584187e-01 2.672651695518851733e-02
2.315079029551216916e-01 -7.370310048462819230e-02 1.802520781384661652e-01 3.534666443592898721e-02 2.291542635933809802e-01 1.433908300045376172e-01 -1.773546918178580678e-01 -1.451115891420786119e-01
-1.585103247365934331e-01 -2.115994912568175401e-02 1.791360006128364102e-01 -1.214286025081340314e-01 2.449853274334887199e-01 -2.398191681022241450e-01 2.367214557955196197e-01 -1.094445351995209093e-01
-1.188960932443527962e-02 1.032107425934019607e-01 -1.000832971995562204e-01 2.273373675050534004e-01 2.261322997440334825e-01 -2.368284930831962565e-01 1.019556765587404934e-01 3.526858262975851588e-02
3.690105039258234632e-02 -2.337214877150142756e-01 1.336800179134117750e-02 -1.631238167383335380e-01 8.932973513800734899e-03 -1.079664032468084511e-01 -1.415922284143138477e-01 -1.487174429801705333e-01
-1.330675987974078711e-01 -2.439079935689384970e-01 8.669809193947597414e-02 1.999537843719355057e-01 -1.183430397349326535e-01 4.508991525237709963e-02 -4.769195414679883172e-02 -6.255818496079029734e-02
2.199188081791154104e-01 -9.829829151039731761e-02 -6.521311635888099589e-02 3.002437933174834095e-02 1.986047338637396686e-01 -1.974192449132593508e-01 -2.189120332358234222e-01 5.902640273693904316e-02
1.869972472065591917e-01 8.102826007668512132e-02 1.598770004006115353e-01 7.627458476607201776e-02 -6.146912576563579034e-02 1.318807596359813927e-01 -7.291904201105647854e-02 1.654873229741201657e-01
2.318462746358246340e-02 -3.305956898062489824e-02 -1.119442335697173885e-01 2.030284674931787658e-01 2.399574078354144158e-01 -2.131253599968635504e-02 2.218695009784011907e-01 -3.603107138471700610e-02
-1.454047519131923538e-01 1.654061695010898836e-01 -1.077367670242367903e-01 -1.148835726288033321e-01 -2.096613471820091834e-01 -9.921269020632050850e-02 1.177919867720044755e-01 -1.640862605395210227e-02
-7.871139926068426718e-02 -1.815178266133519736e-01 -2.178673541786723122e-01 8.189137949161645613e-02 2.244429967129159542e-01 -4.226415563257335251e-02 -2.138080801917877083e-01 1.367124765603536241e-01
-2.012479651449219920e-01 1.953543167515185974e-01 1.716498574875586214e-01 -1.389553052371133579e-01 2.147193560388243605e-01 1.576109855081206934e-01 -7.352944111137077465e-02 2.167771981396110492e-02
9.308149682998689833e-02 -2.086438578052838833e-01 1.698686668934908939e-01 -6.595776551046655944e-02 -1.006636232966159339e-01 -2.101385673653660691e-02 9.394873126280955944e-03 8.767585441176201089e-02
2.000407520604475242e-01 9.629597407513168505e-02 -1.754905635020595489e-01 1.516787983299988651e-02 -3.313374871788604681e-02 2.130352346220959481e-02 -1.562943208553743690e-01 -6.269538984706407581e-02
4.350696380679092146e-02 2.094776170010296257e-01 4.935330211603455863e-02 -8.698866595667048562e-02 -6.152581696016007351e-02 9.565878395625027064e-02 2.221745891005022511e-02 -3.885013769387035687e-02
-2.137297712772037728e-01 -2.070200243505481708e-01 2.433797083221175828e-01 -1.332909468748771920e-02 1.447549951849598227e-01 1.573594092898050745e-02 -8.863241517827685767e-02 -2.426892412658986919e-01
-1.917034427692838605e-01 8.569715279668654873e-03 -3.721231188724583028e-03 -3.151083730560028107e-02 9.266127046125594013e-02 -8.243761979957930919e-02 -1.961275738781204092e-02 1.218160701664046108e-01
2.486651273187875932e-01 -2.693787843575123908e-02 5.467571973321205814e-02 2.313209241866129307e-01 2.029917568818654372e-01 -5.011187930592853057e-03 2.417733010425276996e-01 -4.911200690031630733e-02
2.335394229542533950e-01 2.014205321219482148e-01 9.663678214542970046e-02 -2.015831524120214602e-01 2.340223441013858374e-01 -7.138614879282945136e-02 -2.098378107161517070e-01 -1.831107399800702140e-01
-1.023305754215863561e-01 4.536048306161349908e-02 -1.327722803955162512e-01 -2.136388405247807709e-01 -1.370878583727851430e-01 1.264472506863051904e-01 1.444565520747284060e-01 6.340028290833144009e-02
-2.296620994081727263e-01 -2.295698621781829818e-01 -2.490047431788947052e-01 2.745853792996338916e-02 2.273063504508460730e-01 3.668119037274553129e-02 2.194663810483998834e-03 -1.104534457570822692e-01
1.452374801050890785e-01 -1.456370688325199780e-01 2.599384053620429347e-02 -1.364082062668818818e-01 6.519287996155176401e-02 -1.717029839683415493e-01 -1.219284945041672064e-01 1.902675608066211055e-01
1.421248000638301590e-01 -1.042745948834455927e-01 6.526503223506041618e-02 -9.748935003575681657e-02 1.667541948764243442e-01 -1.076393363529470348e-01 -3.494736415110727412e-02 -2.035308589081302744e-02
2.243569460889792699e-01 -9.619507216703893082e-02 -1.009446879186723933e-01 -2.535788815185918699e-02 -1.737082923251522804e-01 -6.337159832946381854e-02 1.249181116303674788e-01 2.158654224370510910e-01
1.895843433870055827e-01 7.357005687100515168e-03 -2.238191515735005743e-01 3.563458243327588537e-02 1.410297715430900434e-01 -1.118223652324832895e-01 -2.727253128164108809e-02 2.049407959088133668e-01
-2.607826367150845037e-02 -3.281942034488388726e-02 1.695566349167312303e-01 8.767109165657338554e-02 1.943407450239831302e-01 -1.558147749136212790e-02 -2.243890001054462680e-01 -1.956762475033087534e-01
1.337421414874057080e-01 -1.475893288409937387e-01 1.724580576961883271e-01 -2.872519844302406922e-02 -7.215723769871729143e-03 -1.018843541494253158e-01 -1.478064795373076334e-01 2.299356349265915811e-01
4.309288541512135140e-02 9.999945891804651321e-02 1.332638968958960168e-01 -6.816261804286255499e-02 -4.502271331570995017e-02 -8.718432761443001278e-02 9.415377808370761770e-02 1.208336435949262100e-01
4.618404525721908627e-02 2.095166336949206287e-01 -8.481555576994037615e-02 1.109958205897618733e-01 -1.322581644887539931e-01 -1.805084314785543875e-01 -1.067762921374861285e-01 2.137387922975947929e-01
-7.604766028343756812e-02 -8.130058657492039709e-02 -1.100233619192702572e-01 -5.496169470502293430e-02 -3.466036953336759652e-02 1.027678665325719720e-01 -2.847624465370707236e-02 -1.027204050289507453e-01
-6.656340936868027081e-02 -1.971984468497376408e-01 1.694934921422002194e-01 9.440953061842860539e-02 1.212679470390618519e-01 -2.045810812125181677e-04 1.195353520352727128e-01 2.063605687408212042e-01
-7.931763769932542729e-02 2.033603806569478922e-01 2.140046344064666095e-01 1.342006794857313889e-01 1.508988646052289440e-01 -2.090889078904669685e-01 1.781748827816813652e-01 -5.788796874683144189e-02
7.345725101904854171e-02 -1.990505243811480640e-01 -1.028166191736487045e-01 1.797979486449253761e-01 -1.112767421547856683e-01 -1.051557272927339803e-01 2.404798129355584235e-02 1.674136871083495293e-01
-9.355498411022789007e-02 -1.871728164673963635e-01 -2.322393709437204357e-01 5.924724563354688556e-03 8.892883241665427985e-03 2.340467578503881985e-01 1.735610446332713774e-01 -1.073632282959303130e-01
1.828144721013612584e-01 1.287449629183937683e-01 1.811302237276416482e-01 9.254363146543020946e-02 -1.934149469909366981e-01 -1.290185844477020893e-01 -1.047719376584218542e-01 -1.031517737541100543e-01
-1.783638986889600764e-01 1.993630693288256372e-02 -1.092158197975107159e-01 2.237551468145728695e-01 8.307537061555581026e-02 2.340531126804489825e-01 7.450933916924168399e-02 2.312451846933040733e-01
-1.220958883792288008e-01 8.039764988233233378e-02 2.132480812254325953e-01 2.118402399938270619e-01 1.577447995491751964e-01 1.225276075609589843e-01 -2.377465116865618566e-01 2.495016844656895993e-01
1.104884036160873051e-01 5.890078153282701789e-02 -2.470261565907606593e-01 -1.500183415011894783e-01 -2.478535770990258902e-02 -1.862775683850645403e-01 -1.227729566843597242e-01 5.492311147641087965e-02
1.426950197779270346e-01 1.652928994391509310e-01 1.182142327764189593e-01 -7.180462983413449241e-02 -2.576301541707459730e-03 -6.214791688438525696e-03 4.512859923034001630e-02 -7.768347219824750516e-02
-9.416228726337183552e-04 1.808426090907166994e-01 2.039197134561799851e-01 6.302793611185197875e-02 8.694134209393356016e-02 -1.325493638444409927e-01 1.797142606122341113e-01 -1.890502347460195076e-01
2.025138978046039373e-01 2.208054183219637645e-02 -8.001793311303401213e-02 4.049407587528225383e-02 -1.258851205799849660e-01 4.066389550198612479e-02 -1.991014332127817310e-01 -1.957895553037540815e-01
5.413589477736774347e-02 1.461386400098216298e-01 -2.024005631447929332e-01 2.514940458142100876e-03 -4.332904085068872702e-02 -1.906099912136652863e-01 8.978733841726294074e-02 9.638268708027925014e-02
-1.063933152797279513e-01 3.990709093025818222e-02 7.969699123881479608e-02 -1.429463390521730215e-01 9.426334914179007596e-02 -2.069069876004160369e-01 -1.033803035092927258e-01 7.483631194358125738e-02
-1.964004280209153408e-01 8.063796128816580477e-03 2.002449638507157736e-01 4.219360794263932180e-02 -1.450264615812337787e-01 -2.097778806743649804e-02 5.404624579707673071e-02 1.847784959798028370e-01
-1.319105133675013142e-01 1.610157661705552412e-01 4.621406502935371252e-02 2.026365507679517841e-01 1.559693541951823192e-02 -2.035636274100809939e-01 6.398340641350064306e-02 -2.098689799202635986e-01
-1.789250219444686874e-01 2.136559153219556584e-01 1.151996683025218737e-01 1.989359097565859824e-01 8.754773420641337456e-02 -1.781177357792601557e-02 4.690099237876937943e-02 1.062511440116470363e-01
8.123069452378645083e-02 -3.676077263856680766e-02 -1.284241095790397136e-01 -3.437422752746199794e-02 2.204283475975817308e-01 -1.188872743467556115e-01 -4.585020424475788614e-02 -1.340956223370941003e-01
7.802901853710808577e-02 -3.435305099143093344e-02 2.112482468564353399e-01 2.029015249659802400e-01 -3.073638619878804601e-03 1.487556007802224300e-01 -2.109061171440573257e-01 -2.331704057194355917e-01
1.902689028467023369e-01 1.438669875020651689e-01 -1.131467370367166270e-01 -3.656359283444649000e-02 2.072015956614755017e-01 2.211898670692646895e-01 -2.220039035797681248e-01 9.062516546396875983e-02
-6.239015252450491600e-02 8.659644193611615304e-02 7.554866872071863693e-02 -1.873345007220658665e-01 -2.468892507881274012e-01 2.236115450846405395e-01 -1.863919124276256500e-01 -1.777428346774766466e-01
-8.246972568329952180e-02 2.194940503609107973e-01 1.935198743743806737e-01 -3.991397510627309186e-02 -1.704914979955368670e-02 -9.188948203772084877e-02 -1.398377035048866679e-01 -1.183912655744471798e-01
9.206281657091253123e-03 -2.330170108947893781e-01 -1.240116934842349083e-01 1.630011765896068887e-01 -1.329254728635153593e-01 1.140310565025335898e-01 -2.036963042127222789e-01 7.291500897430092110e-02
2.838522741842508523e-02 -1.331066110710985018e-01 -2.158720167190380512e-01 -1.193205535371279491e-01 -7.763844247404505516e-02 -1.722274507027110602e-02 6.280743834073831966e-02 2.574418806757722278e-02
-1.198357532290008076e-01 1.971745371484426301e-01 1.248701824279544459e-01 1.050779279713032199e-01 -1.533802377860987165e-01 6.633436740995557468e-02 1.075939021563538933e-01 1.423201557045914445e-01
-2.114042353901362525e-01 7.029687197473694082e-02 -8.783660596197423454e-02 1.072128171046466405e-01 -6.809837628413339949e-02 2.681631179427113043e-02 -1.989212475390297885e-01 -1.007811293412836373e-01
1.184959175710226797e-01 -4.738705334494575094e-02 1.092473967084179320e-01 6.657426362424889721e-03 -1.174979082456686919e-01 -1.748518800386404948e-01 1.333251976184546272e-02 -3.178653646112777897e-02
-1.028920577506515777e-01 2.178155666691778958e-01 8.023904338289722382e-02 -1.387838279094099070e-01 2.019829798689235512e-01 -7.398712727728251615e-02 1.359371569753073383e-01 -3.997285307866232928e-02
1.372326087764828006e-01 -1.977819352747318127e-01 1.634080898545176019e-01 9.443498100267844197e-02 2.369535823606803149e-01 1.590105071841733664e-01 3.045831710087620881e-02 2.257362930248565935e-01
-1.040472048092005442e-01 1.367054438214113099e-01 1.816150428379307291e-01 -1.632360842546325963e-01 -9.879161489609955549e-02 1.957895051468705461e-03 2.316327166441438101e-01 -9.139877923948885874e-02
2.164509725277818930e-02 -1.012283979403797440e-01 1.248537335737830434e-01 5.181412969537335655e-03 7.786757153484796801e-02 -1.382491987126157063e-01 1.800532187298919951e-01 -8.452829905840619773e-04
2.062913829852077163e-01 6.039137285569368130e-02 -2.055127180405477705e-01 2.229634500681845211e-01 -2.276908290308251592e-01 2.146828232447851037e-01 -5.085786457040253339e-02 1.744777838061838948e-01
1.105862992715730964e-01 -1.066263201318556342e-01 1.463586133741628936e-02 2.084630231642323195e-01 2.111710061553028206e-01 6.695310953411420796e-02 8.899890240728225432e-02 2.004013295489861513e-01
8.287099196459019046e-02 1.554208364213430782e-01 5.977168514551528533e-02 -5.565836554661118818e-02 -2.232155700607685311e-02 5.013988584239958968e-03 1.243763392454317329e-01 -7.859352576804939927e-02
9.120523741509439786e-02 -6.468093322402168610e-02 1.543429933118977693e-01 1.226794470278769755e-01 2.378293686269154494e-01 -1.495521569183145827e-01 -1.766977733486920776e-01 1.514977084514294581e-01
4.422146866940473986e-02 -4.256795422772013948e-02 -6.898683628423302183e-02 1.521430989350344154e-01 -2.178168896180446290e-01 -2.201933438500717766e-01 3.423129555910836563e-02 7.156212905500008992e-02
8.801123540078525931e-02 5.041401054487448796e-02 -1.330986078363343150e-01 1.298636159038571991e-01 1.998491728783087784e-01 4.871048440063491247e-02 2.370707191020243187e-01 1.499769179322447132e-01
1.550532198045838084e-01 -1.690456913630427049e-01 -2.499778357814770313e-01 -1.506719333090345003e-02 7.198023307964446227e-02 1.928976570375528499e-01 -1.313913671599530875e-01 2.412005553645762412e-01
-1.040839297097648775e-01 -2.641741390533808298e-02 -1.063372094043015803e-01 9.598230227123688563e-02 -1.016063900036086598e-01 -1.315643673923743151e-01 -2.736449174358690506e-02 2.194039280568548800e-01
-2.205804960304211804e-01 2.369289440735524721e-01 -2.441573884782233250e-01 -2.817442556613863891e-02 6.905783129566966938e-03 1.543789970567327474e-01 -9.481206240289308251e-02 -2.227749795970878632e-01
-8.362262303596873503e-02 4.289135121486625790e-02 -4.020042724704991910e-02 5.606106347381956123e-02 -7.190544352212890900e-03 -1.729991796309399144e-01 -1.014133333105978751e-01 8.923234967787146976e-02
-3.501908009230636498e-02 -1.500933258008263493e-01 -1.104523192988008384e-01 2.285090478506855982e-01 3.561924083043188638e-02 -2.134210400326028712e-01 2.192848002260855411e-01 -2.285140024644617962e-01
-1.496352623962931006e-01 -1.874157052943958846e-02 9.304500840068002931e-02 2.143904761211293808e-01 -2.034160091329806352e-01 -1.665597049700290322e-02 7.794387843247913006e-02 2.095234833912307248e-02
-8.233978053358165239e-02 3.662590169466328760e-02 1.156944820010134545e-01 1.272576858420421120e-02 1.651130818176146375e-01 1.341720533963352557e-01 1.806635023367496040e-01 1.703917796270653651e-01
-2.299396593085422658e-01 -1.252809901052681085e-01 -2.098202259420935967e-01 -9.063992032811846178e-02 7.745480023567913319e-02 -7.709033629832773293e-03 7.642092207997419617e-02 8.587640103058286067e-02
-1.079742472331766123e-01 -8.149985605711923542e-02 2.243876824530542935e-01 -1.352308842689560753e-01 1.686937946072610828e-01 2.159981114409507130e-01 1.211619500307162256e-01 -1.431572155003650315e-01
1.936567518227163553e-01 1.518725027300474317e-01 8.526968662310718816e-02 1.282339150805672512e-02 -4.502615762787609555e-02 -7.243647302778949415e-02 4.485391002304850439e-02 1.641811070258461513e-01
5.311359903861007092e-02 -2.192157832194122080e-01 -1.381555128721476122e-01 -3.986515419090236323e-02 -2.282192129242849865e-01 -1.568319337465532426e-01 1.632415893910508231e-01 -2.159433403252212225e-01
-2.141121666127723810e-01 -5.618386262709523793e-02 1.871233751094764641e-01 1.505710133251858540e-01 -1.605666515296180208e-01 2.130163184898601902e-01 -1.245224013055420964e-01 -1.979225830276057918e-01
1.310716376138594264e-01 -1.228568528090301926e-01 -5.674495817658126162e-02 -2.519325369792957403e-02 1.588012659725772657e-01 -3.911013966245102669e-03 7.406468356917939033e-03 -1.101333743646614183e-01
