-1.436997581637927124e-01 1.647091600852130799e-01 -2.483869708968584611e-01 1.464652494540668592e-01 1.284654263690409581e-01 1.507776765456543266e-01 -4.629846678841637031e-02 1.760169107822053269e-01
2.066663943790938984e-01 2.412020229595348009e-01 2.371826512493461769e-01 1.342233842310720515e-01 -2.228985342576594864e-02 -1.865251133834395780e-01 2.484214590548498025e-01 -3.154506628438491500e-02
-6.900667801628479481e-02 1.096487270194939634e-01 -1.240329539139475856e-01 1.718229567701127225e-01 5.331526052821800032e-02 -2.960403466037103692e-02 2.493171791481728627e-01 3.542112184614470971e-02
1.135100233611344711e-01 1.770561426417355255e-01 -8.187793744085852810e-02 -1.325449031345184436e-01 -1.715006534417304884e-01 -2.079728883500348013e-02 -1.248291363174105495e-01 -7.068824452259203639e-02
-2.452975572121579573e-02 -5.466463285884459733e-02 2.049316544453366751e-02 -2.241905484337746168e-01 -1.221183360723736011e-01 1.386320148437417688e-01 -1.188473250707862694e-01 4.806216707580590608e-02
-7.894648802817283428e-02 -2.085690173290759009e-01 -1.781646758723331447e-01 -2.324838957962202524e-01 1.008935211834613987e-01 -1.899255311238546295e-01 -1.426561778444699335e-01 -1.450069880712414050e-01
1.438825157014683720e-01 7.083401739214600923e-02 1.026575690468632951e-01 8.521049241612854708e-02 1.812523270922600238e-02 -9.101050694566609200e-02 1.796395098837818560e-01 -9.346988209852230556e-02
1.615207631606071503e-01 -1.208158639328695827e-01 1.206534762389976922e-01 -2.416096112727478262e-02 2.259816740520480538e-01 8.975672674086798697e-02 -1.683787648235520185e-01 5.814971385630918199e-03
4.188027724555504205e-02 -2.251540445614783059e-01 2.422300369465424374e-01 6.493808944692264218e-02 7.097037623690394259e-02 2.168855617939918767e-01 2.421883951125942125e-01 -1.918183645785487834e-01
-1.344380973050662842e-01 1.510028910037687910e-01 -5.942718793370715957e-03 -2.441262747832620428e-01 2.115402168461564814e-01 2.406255649423037490e-01 -1.766219199494953873e-01 -1.821178617566349134e-02
2.400254842172261371e-01 2.263610732784009372e-01 -1.126348794724750801e-01 -1.880859048435243319e-01 -1.137274744137932725e-01 -1.640116616821850060e-01 2.168575288563672210e-01 -4.708610301345883542e-02
-2.346771274037151578e-03 1.328358042702835751e-01 1.810132217394149756e-01 -6.562047888447830601e-03 1.616126651467243436e-01 2.115476092790999907e-01 -1.063028943027964912e-01 2.241234419292534863e-01
5.826445947482422616e-02 -7.489684534611679156e-02 4.690723142694103176e-02 -1.405454295262639763e-01 3.772704673704369016e-02 1.112940945779408164e-01 -1.114235322321402988e-01 -1.535694811857040154e-01
-8.684405260293165396e-02 -2.144165199322125015e-01 -1.198152716009147634e-01 7.785878934783141414e-02 1.996248874876477286e-02 -6.860949149291972748e-03 -2.072703208082941062e-01 9.289636421997704563e-02
-1.873187303491664624e-01 -1.710095040871174588e-01 2.307967031567076943e-01 1.870759338637988933e-01 -1.007203978542514644e-01 -6.795954371415374728e-02 -1.388559125236648595e-01 6.359788337149285820e-02
-2.261687166276918348e-01 -1.349149618960214236e-01 1.878721855627894510e-01 1.909197901763011740e-01 6.989921988535141573e-02 -2.307734442711620870e-01 -1.284837672463523539e-01 4.374654245360320992e-03
2.384209435340851058e-01 -2.363083180804228522e-01 -1.663164203916455697e-01 1.746751988544539835e-01 1.380721277173714290e-01 -1.302150418425838674e-01 2.157577138131149264e-01 5.535153779556362119e-02
1.398753902119057035e-01 2.181365417061684742e-01 -1.606385452519858981e-01 1.578269610755271279e-01 1.639568812433904177e-01 -1.903486433848199932e-01 9.072168265619812155e-02 8.248470326364937266e-02
-1.291016335408504689e-01 -6.003643400541031072e-02 2.173124315307044530e-01 -1.671329548562243694e-01 -2.253627702326465032e-01 -2.115951179867270326e-01 -7.383974946885973889e-03 1.313195479068673954e-01
-1.770513463502311757e-01 6.396702465913906011e-02 1.032452930043389339e-01 3.699641589969987487e-02 1.326744614036287073e-01 -2.148310952431896070e-01 -1.535801040809602891e-01 1.404772445285352167e-01
1.152048098642847185e-01 -8.839355406991006303e-02 6.089760134743293918e-02 -6.684585015526600671e-03 1.857091319716131506e-01 1.444594654838052272e-01 -1.792872544268766521e-01 1.338603482278060142e-01
-1.501532868917380692e-01 -1.227256966476997779e-01 -1.893702735485203736e-01 2.212984556982639517e-01 1.813319775407015166e-01 -7.551581724555950226e-02 2.359249170704126874e-01 3.135330100959943245e-02
-1.591816257112638744e-01 -3.238632998032536792e-02 -5.491739142081153435e-02 4.348895381490736067e-02 -1.476802703247688808e-01 2.100039830906096361e-01 -8.675550636567719298e-03 3.113481894212216661e-02
-7.455074494788260786e-02 -1.378679911574546280e-01 1.955131373905529824e-01 1.345740324185701331e-02 1.470086083742853655e-01 7.694902503030343066e-03 -1.294238178817769258e-01 -1.055748133740839756e-01
-1.307960271611570691e-01 1.664582355186123297e-01 5.821294757874545533e-02 -1.242932059456060556e-01 2.450446719908226378e-01 1.694664951675278752e-01 9.738554858280173976e-02 2.087805600536029593e-01
2.049554337048274388e-01 -2.462415504780890441e-01 -2.434311229824445144e-01 1.330022343055234368e-01 1.319762149154318220e-01 -1.125423731713590669e-01 3.956388154872431118e-02 -7.874364946106571228e-02
-2.237711359215531770e-01 -1.740055483880781351e-01 -1.565074802315700175e-01 -1.305079513727880336e-02 1.030581599247268887e-01 -1.822092013635869256e-01 2.240957962520344626e-01 7.903082527775995292e-02
3.981816888612715877e-02 -1.721872520359301051e-01 2.236104098034858989e-01 7.836134807943678782e-02 1.998501713890608600e-01 -1.631228469380905932e-01 6.934371775128322923e-02 -1.852639734585210252e-01
2.260651382707734580e-02 3.789874282993710430e-03 -1.618419220351668963e-01 9.263689357503601673e-02 -2.379654292236559332e-01 3.580317804213700716e-02 7.662625464150774057e-02 1.056370365968059555e-01
-5.722318978097845621e-02 -1.340452750905383184e-01 2.103845606709057736e-01 2.292845312643497779e-01 -2.159690655010620963e-02 -2.151137176687246133e-01 -1.574864627159087704e-01 -1.592597483873797737e-02
-5.057730381349639925e-02 1.787535919306721954e-01 3.734495694760292528e-02 4.907112607838370888e-02 -2.625174700455756849e-02 -5.459871839133323412e-02 8.517913466084842122e-02 1.053341679050047164e-01
-2.153845877213861892e-01 3.474610980370984592e-02 -5.255298198805707921e-02 6.357698388971821934e-04 -1.974957155148127641e-01 6.482791766949919099e-02 1.135799437028912062e-01 -1.870404320796604236e-01
-2.353329190258219294e-01 -4.770762971668690566e-02 -1.677347790012948536e-01 -1.613991152244392269e-01 1.518371784975352523e-01 1.051787970807370742e-01 1.966702100147213472e-01 -2.101130206172674986e-01
1.793095866646089998e-01 7.498992893786565750e-02 -2.466291072051854938e-01 -9.339275345152947549e-02 7.635607675056194088e-02 -1.090064566183835404e-01 1.330321290075231477e-01 7.563479669962569485e-03
-9.225710448438317890e-02 2.379147782754779117e-01 -1.513221850002106073e-01 2.667122509452096724e-02 1.250923852126659130e-01 8.052373636764370568e-02 -3.146086311356960374e-02 1.073931455693852843e-01
1.031195292941455843e-01 -2.487590326078548131e-01 -9.798324341637804080e-02 -4.844957204502409187e-02 2.229424404735036447e-02 -7.120361062954178033e-02 -4.568769920723514399e-02 -2.009629254381190000e-01
2.331844411283403029e-01 2.076519687126867075e-01 2.074620048928513261e-01 1.443878335706539340e-01 -1.795004987409051789e-01 8.940096943177838762e-02 -1.230448130304296339e-01 -8.892882755630387992e-02
-1.012914610592417497e-01 -1.694163624363554943e-01 -2.961969872405217918e-02 -1.292508580129205775e-01 -1.153208950099872676e-01 2.100546263258638024e-01 -2.366268282254773148e-01 1.474402224819233442e-01
1.171816699020463703e-01 1.092291000273629131e-01 -4.448025158769575160e-03 2.812618912935549442e-02 2.369636249264133188e-01 3.912658977011751471e-02 8.895097922119382661e-02 -6.064946517106706292e-02
-1.653169613101934665e-01 -1.175849533448515283e-01 -7.451933618819356342e-02 -1.234250756102052704e-01 8.774109051584300101e-02 2.361438021850487123e-01 1.093902909922989108e-02 7.624611886024801333e-02
-2.098923181708718944e-01 1.897891080716174739e-01 -9.884117217991095217e-02 -2.070537303459234479e-01 1.689662088424978559e-01 2.074873674984621386e-01 -2.372850107071237113e-01 8.760845179854770404e-02
1.654174401868130362e-01 -2.313757358195024372e-01 -2.138370744115486444e-01 -1.485031325838969685e-01 -9.832964330692045563e-02 -5.348330602844381110e-02 1.652777091951983524e-01 4.220867451090787315e-02
4.212763670198904631e-03 -4.318741856062702222e-02 -1.347940597305400390e-01 -4.232667340652002119e-02 -1.408436874343952372e-01 -6.537568794391396265e-02 9.748739802283279410e-02 -7.751359135009439072e-02
-5.762374709020551267e-02 1.951515383697988160e-02 -1.702297147246467079e-01 -1.329759493686738514e-02 1.371649064923251560e-01 1.992273959216390167e-01 -8.590329907743110560e-02 1.050202008251047703e-01
-1.371529738706555035e-01 1.891042168650440281e-01 -1.278785662379721688e-01 -2.329736615202981920e-01 3.987420852612577615e-02 -1.489892191674158650e-01 2.429247688215338541e-01 1.888304420526123462e-01
-1.710201806702896232e-01 1.869735925484772299e-02 -8.473659371276853758e-02 -1.774031697035224342e-01 -8.566669358769818388e-02 4.566321596090561208e-02 2.122568938910300296e-01 1.708654908280332063e-01
-1.115775910178165020e-01 -1.760660154103036446e-01 5.558011273049634493e-02 2.323496258101416245e-01 2.463071412698559781e-01 2.091177043120383550e-01 -9.309817930914499051e-02 8.558165808693440901e-02
1.683453881761590720e-01 -2.450641007479020805e-02 -8.495189852870016489e-02 -1.039863403433775035e-01 1.742891672407085868e-01 -1.858749006553498395e-01 -2.217942068925552457e-01 9.196157921318448558e-03
-1.147107834811382787e-01 -1.525816719776683095e-01 1.953807083954355317e-01 2.513202428123872956e-02 -1.166671292655641623e-01 1.993814253197537245e-01 -1.976039080512409507e-02 6.150664214385642703e-02
-2.369056216071123711e-01 -1.323122248536510170e-01 -1.034274529118794916e-02 -3.548948201916574119e-02 -5.273463816836598816e-02 2.024541266569660491e-01 1.409911783868718627e-01 -3.968775836572935312e-02
1.039915342938678156e-01 -1.094289921256825227e-01 -3.083577313106228290e-02 1.608318985373080601e-02 2.172342105745361795e-01 -2.523133673367622398e-02 6.263930195774330967e-02 -2.178779359886551248e-02
-6.430551849458610025e-02 8.896513354687551889e-02 -2.953656451841890629e-02 -8.094505700259768677e-03 6.297314720150087863e-02 -2.359665770621661718e-01 1.711845655985581027e-01 3.698048125688468968e-02
2.229381199672820224e-01 1.800051700375938646e-01 1.746598562926053866e-01 -1.873047951665315902e-01 -5.743466373987587970e-02 -2.281822924334485081e-01 -8.689638268264143761e-02 -1.720026949895429591e-01
-2.112150802333156441e-01 -8.735419354919493617e-02 -3.541299791750596171e-02 5.449973942701141771e-02 -1.479751491813697251e-01 -1.228242709649126074e-01 -1.387350322344313991e-01 1.140704629026921824e-01
-8.806772440441418270e-02 -2.453783411428478445e-02 -1.341881115648260736e-01 -9.167934078150552502e-02 -6.304719687960935737e-02 -2.395817726798828984e-01 1.567098239661441350e-01 4.108320691336092567e-02
1.914823753850295462e-01 1.575620253746045640e-01 3.253301291835331011e-02 1.707445873254470059e-01 9.381065034226776511e-02 3.767710388203965310e-02 7.759665129494636160e-02 -2.175069371579316235e-01
-1.533857707445027141e-01 8.590925802143167811e-02 2.009758183264002684e-01 -1.689200749471231333e-01 1.081547093753212896e-01 2.081194786091191129e-01 -1.457158640168854657e-01 -1.037024182907887448e-01
2.038121557671024320e-02 -8.146000585713591979e-02 3.416472094549843908e-02 -5.921034480335757300e-02 2.444238177981758464e-01 1.183679431455419429e-01 6.754436486890991187e-02 -1.926814351585890983e-01
-2.034721543874046246e-01 2.493430710712506992e-01 -7.829026001857519734e-02 1.997991949306514581e-01 6.467983984505787376e-02 -5.314760442936372620e-02 1.379888960312791735e-02 1.499355273779872100e-01
-2.482262333106882712e-02 1.190030352431967198e-01 -3.119833052057729983e-02 1.852815944046698471e-02 -1.124635905742024100e-01 -1.150447026594780264e-01 2.610340919377907021e-02 2.167416052168877338e-01
-2.038968386174960234e-01 -1.789348585797704283e-01 -2.123693499913858473e-01 7.261070895923432689e-02 -2.425229797585207736e-01 2.469006170628968988e-01 1.555497426256401416e-01 2.018958607600184196e-01
-1.317436384874294264e-01 2.145865745081628750e-01 -1.437539112525837992e-01 -1.659088596801964743e-01 -2.403993715006264020e-01 1.040439613873912483e-01 -1.663863052576898260e-01 -8.691905123105925224e-02
-1.089214995895768645e-01 9.220191193991178480e-02 -1.630290627619437327e-01 2.070592902196263241e-01 8.830220918016534748e-02 2.058222970673438401e-01 -1.770049807436848699e-01 -1.216350558833179107e-03
1.610792795949087530e-01 1.940711533246644027e-01 1.664501325847196900e-01 2.058214720879716908e-01 1.960192602002481799e-01 -2.647233963422868097e-02 -1.811223361987658875e-01 -2.423949468907533600e-01
1.300972858782734054e-02 7.252772704914295376e-02 1.384971536291929595e-01 3.097654972472219104e-02 8.337069440702560286e-03 2.238867939887347336e-01 4.547594266204935121e-03 1.986111956865149186e-01
4.719253586289551272e-02 -2.431493214273328096e-01 1.411410274828296951e-01 -1.302977207655987013e-01 -2.098585062323042316e-01 -1.896367625683883507e-01 -1.727229460457277432e-01 -1.902315499854451142e-01
-1.476635943318589383e-01 2.066350413254228746e-01 1.653736744511401513e-01 2.046917138756150778e-01 -1.181546030366120159e-01 -6.772703300332988396e-02 -6.705584975353118260e-03 -1.868612052310145155e-01
-1.351365764352113752e-02 -3.590375896188152671e-02 6.470715930907433577e-02 5.319420675726599379e-02 1.550777159222027080e-01 -2.340287971401247002e-01 2.102380609772875886e-01 -2.234191293398636313e-01
1.076757970446030055e-01 -6.143558387482006555e-02 -6.432670975492349452e-02 1.808350918710596722e-01 6.932230079538559409e-02 4.981401802554374925e-02 1.543948266921389423e-01 -2.378792044151599727e-01
-2.212337067829545090e-01 -5.631800639984307910e-03 1.527363501141157931e-01 -1.157556903240739010e-01 7.780856606570701883e-02 -2.214406663882567683e-02 -1.416396036155954108e-01 -1.821263149907441092e-01
1.997211993532722052e-01 -1.067405544603640122e-01 -2.451433893806441167e-01 3.232117490296015916e-02 -8.003085395191605889e-02 -5.612877018656259320e-03 8.700146489637333724e-02 1.160875526110985989e-01
-2.498880109037496244e-01 -1.631835982075302005e-01 2.362773010026341658e-01 4.254501356397077938e-02 1.158605815873958167e-01 -1.263857359288090287e-01 -1.057998514539100210e-01 -8.132783333948834237e-02
-2.333707620303509533e-01 2.301263473198315035e-01 2.327804588096655802e-01 -5.302508877168543577e-02 2.118094633203217447e-01 -1.658940332114359761e-01 1.655335286426104502e-01 1.445036155007117795e-02
1.804180037228128031e-01 -6.661484439175408001e-02 2.082338800901124554e-01 2.184873861289551855e-01 -3.845924417150481389e-03 1.305708621058926378e-02 -2.426113085550453130e-01 -8.832098717553799050e-02
7.678108441053077549e-02 1.078610616467899352e-01 -2.265065616742310550e-01 4.698891074646438515e-03 1.156668664701921978e-01 -2.171222453113432205e-01 2.185252970042935727e-01 -4.439368240103708230e-02
-6.228460914702466100e-02 -2.064953222386135545e-01 -1.179402373064375453e-02 3.498909651828946421e-02 1.720556914546886862e-01 -2.441626671864487452e-01 -3.010881714693008915e-02 1.615272528700397170e-01
1.542585527903803655e-01 1.560576191922813938e-01 1.493150611249360327e-01 9.884947971951640877e-02 9.061502596938991738e-02 2.304675112720628305e-01 -2.108263113185097071e-01 -1.733197363848896222e-01
1.980926484578875435e-01 -5.042260892738514855e-02 -8.643968208859093005e-02 -2.343433431057532768e-01 -1.821787556839388755e-01 2.388114119605144192e-01 1.773825404761197877e-01 1.707337552165033023e-01
1.097880565016721155e-01 9.901411109136287747e-02 -4.198448824912465183e-02 -1.109288987244512747e-01 1.125900657442797659e-01 -2.004738978538567751e-01 -2.929477853977008328e-02 -1.268331194520421201e-01
2.533275582441674167e-02 -6.450727544423651150e-02 -1.398865655963452692e-01 1.484689822184919183e-01 1.381873363452335579e-01 -2.454619495838240573e-01 1.615994564952146217e-01 -1.078155416913462172e-01
-4.046537069101141526e-02 -8.586457927240481736e-02 -5.018473720098232116e-02 -6.351979723130252165e-02 9.581146436968501767e-03 3.490031340083687983e-03 1.363912688032990483e-01 1.607240756437082196e-01
-5.152912263480824429e-02 -2.007121162570831840e-01 -2.328772620181261410e-01 1.490717603722009343e-01 6.656630523115819598e-02 -2.302816346604390496e-01 8.066257345284788549e-02 1.945878749114382522e-01
-1.001258063817357935e-01 -1.563155685721942523e-01 3.061880063596578161e-02 -1.542226273304488915e-01 -1.314608766860163591e-01 -1.794480327321731350e-01 1.499896820210383508e-02 -1.572454831105098982e-01
-7.704858419813481740e-02 2.331837255962193600e-02 -2.172160496668500418e-01 -5.888145857455479026e-02 -2.469614598714377496e-01 -1.391494926119380970e-01 3.242097172537505845e-02 1.122290382764821182e-01
4.587887601044021713e-02 -2.217277000645057061e-03 -2.289364346349409551e-01 -1.428407040766194736e-01 2.259159735961688287e-01 -3.232705071779012895e-02 -1.407881065727351055e-02 -1.475314912652175847e-02
8.032330123865277782e-02 1.251627019342457792e-01 -1.296969914632392085e-01 -2.280662186249696743e-01 1.231428177244625055e-01 -1.204858684448660289e-01 -8.762763632458908658e-02 2.218632551090391480e-01
-2.192885971930161881e-01 -1.630962094516137939e-01 9.362102741262906536e-02 4.352448780593914934e-02 1.454261804136168790e-01 1.731177754313722450e-01 -6.405804460583208737e-02 -1.081551466240827652e-01
1.420565759879880985e-01 -1.740620627778231566e-01 -9.999274467726487758e-02 -1.998404361252157924e-01 -9.996734562535353197e-02 -1.933122598301345585e-02 -1.598826738513626222e-01 1.548915251182840236e-01
2.258571636273939420e-01 1.064591529376739398e-01 5.831540284856495671e-02 8.498468544379439438e-02 1.499498593372066702e-01 -3.061004888278512359e-02 2.197130919049709030e-01 1.631575713519701765e-01
7.583510711519658720e-02 4.193592009122071307e-02 -1.412584220084278086e-01 -1.708165089558987271e-01 -1.371096653454377257e-01 -2.084611800007394322e-01 -2.071554302580488893e-01 2.157158318276735653e-01
9.582542442759300894e-03 3.362083693184775290e-02 2.492408206157394890e-01 1.815789987883311141e-01 -2.252866549526116868e-02 -1.817911463056293142e-02 -2.433829379675538362e-01 -1.561329287001997912e-01
-1.118841964200381622e-01 -1.547974239467658220e-01 -1.217683843720841486e-01 8.920866287224621383e-02 1.840586065947151240e-01 1.708931544712192219e-01 -6.397361688068325947e-02 -1.784518608900651504e-01
-2.360079826121910251e-01 -1.614923679541818702e-02 1.102997832317242355e-01 1.892426361249965883e-02 -5.262019320574984338e-02 -2.619164208928792537e-02 -2.208699971058493694e-01 2.069792707370587959e-02
-1.736400053520352760e-01 8.882438883095017390e-02 -1.663293544253434675e-01 -7.433450732388652282e-02 -1.257534966588891301e-01 2.353414946304518973e-01 -1.824338043395148934e-01 1.528723954637535298e-01
1.364721003517223030e-01 -1.190663193609753923e-01 -1.476619709669488301e-01 -1.726786400924257281e-02 -5.188454146201060269e-03 1.576212733098312779e-01 2.432192140714828366e-03 -2.440712262281823919e-01
-1.942439410367313157e-01 -1.994175361537489644e-01 1.816425120780877367e-01 9.815467404198807699e-03 -7.477778960479025683e-02 9.729654680252025623e-02 -3.949779702510852752e-02 8.981018707389426536e-02
-2.072066414261500289e-01 2.386565602668527797e-01 -1.155357517014949931e-01 1.602497590170225417e-01 1.500824478918095783e-01 1.228896944041767414e-01 -1.015773470508152254e-01 -1.439705646228695568e-01
-4.798643796826107533e-02 -2.135383005627597419e-01 8.935641913177683193e-02 1.254938994853009859e-01 1.508603692931907436e-01 -1.600845268966369916e-01 -1.226039504625425214e-01 -1.813720861661906603e-01
-1.508400158349953446e-01 -4.842403084019802906e-02 1.723848770663085617e-01 2.095434815180635679e-02 -1.149711912338862163e-01 2.352956057923028532e-01 -5.002557872544349804e-02 1.611087367143589910e-01
-1.226672469175275060e-01 2.459221859016519351e-01 -4.528050078010731339e-02 -3.042586488265042188e-02 2.457477877540055200e-01 -1.589844668039336328e-02 1.274801374253617947e-01 -7.074727789315760074e-02
