-2.056857435973259429e-01 1.600875537580652153e-01 1.739914212146799199e-01 -7.342610907066515757e-02 -2.147334682762982450e-01 -1.473926948610069787e-01 -1.069939144095913841e-01 -2.099569593456719896e-01
1.209325481602177010e-01 1.995699015507447771e-01 2.301184939128018137e-01 6.268927721709599554e-02 -1.419581493005181994e-01 4.224653502858327636e-02 -2.212595995411153482e-01 -7.618183047629473181e-02
-1.037309233957819932e-01 -4.501394118767709784e-03 -1.968965090327768896e-01 1.191025832169886334e-01 9.524204329243973755e-02 7.500811871456564139e-02 -1.632229663660398900e-01 1.738032772434509599e-01
2.554725444373334708e-02 3.222477354233876934e-02 1.726224207395373189e-01 2.103110819712233903e-02 -2.038948940715179514e-01 -1.926699014125498044e-01 2.165839711692696956e-01 1.398223486484773126e-02
9.906472421702589015e-02 2.185469648209641957e-01 -1.762720288269150060e-01 -2.478018492974238263e-01 -5.049058939486622544e-02 -2.676096552056311806e-02 2.283850414535957274e-01 2.086870845800896657e-01
2.397417469354105046e-01 4.054703910737561534e-02 1.060750601192992915e-01 2.252592893420654052e-01 1.681909466786747909e-01 1.836579710767040630e-01 1.581229988221717897e-01 -4.880297826091162250e-02
-1.940027476627303460e-01 1.438707711090255192e-01 2.152413297771035849e-01 -4.418235055956365454e-02 -6.780909286740738340e-02 1.098081380931610895e-01 -1.706934007666427444e-01 -1.493728457551980471e-01
-2.299737249057191568e-01 -1.399093649521288008e-02 1.790736352504564977e-01 -1.902650347461356528e-01 -3.671097462959888036e-02 -2.465413885417186979e-01 7.869631269901089521e-03 1.341370494740353192e-01
-3.150332768094038505e-02 1.769523495938437052e-01 -4.436198432656590640e-02 -1.494215661360071001e-01 9.959277796851273568e-02 3.287086101495945156e-02 1.233542229121498690e-01 -7.537897768868057069e-02
-1.774034217187686058e-01 1.172559294539405328e-01 -1.699300137797651322e-01 4.254166226736011414e-02 -9.734337215751670547e-02 2.083294584353899137e-01 2.035097131361285339e-02 -1.904826096651782708e-01
9.509468950920102470e-02 -9.296707672203036177e-02 -1.894210947611867368e-01 -1.981568946656532271e-01 4.839689597550289601e-02 1.236167123401013535e-01 8.283709831979163551e-02 5.940691826293148514e-02
-2.287058525021493649e-01 -1.270283121884038802e-01 -6.755688654249769609e-02 2.430611363529833202e-01 -2.047616061855676017e-01 8.996552870429341819e-02 -2.117328834216028466e-01 7.097816619230412627e-02
-1.644530909412526554e-01 7.284210705499338800e-04 1.858410921862905241e-01 -1.665139091005152228e-02 -1.854524058605114822e-01 1.339645267342950974e-01 2.441285074030071223e-01 -2.325281215380879396e-01
-2.061390763313836194e-02 2.111604697511048068e-01 6.936249152000184548e-02 -1.047641637821086213e-01 4.404402790626837927e-02 -1.835038040551769667e-01 2.129071269778899378e-01 -2.319728171457324795e-02
-7.010993001655002610e-02 -9.674100957024789338e-02 2.488909949984369208e-01 -1.927952599742150941e-01 -1.495857846443393591e-02 -2.348749619501875885e-01 -8.075920507722156305e-02 2.030125145779113627e-01
1.824885988905562417e-01 1.071593586578657442e-01 -2.048026178823588173e-01 2.841943500830612646e-02 -1.093317588570401622e-01 -5.361150486482335609e-03 2.466998335085830441e-01 1.681515921623416565e-01
1.643541863892682420e-01 -1.497812258560919929e-01 -1.208750734112587488e-01 3.097922703571631686e-02 2.329086367995883422e-01 1.411788608075484341e-01 -1.783373994305054167e-01 1.292100092215272000e-01
1.414738875347784086e-01 8.101154648204988984e-03 1.798236406847802948e-02 -7.410543901037125458e-03 8.134700157870766724e-03 -2.276616045824895185e-01 -1.361304809301323582e-01 -1.427305788698233768e-01
2.879368055752584699e-02 -3.528367141580096566e-02 -1.576246728434962385e-01 -1.425254746499754477e-01 -1.723523555764755466e-01 -1.107784450328178627e-01 2.283335088251163825e-01 -1.395968806192232625e-02
-2.864047679406028779e-02 -1.332390352902577679e-01 -1.641310796703766561e-01 4.230121078922527422e-02 -5.643523884139634017e-03 -1.213309317968678802e-01 -2.494915696670526595e-01 5.040898893826983862e-02
1.258888660337961207e-01 -1.379158068565388695e-01 -1.460654615258580313e-01 -1.626150151170456803e-01 7.472952766341273145e-02 3.716291263536680711e-02 7.725754871980616834e-02 -1.197622811707637625e-01
1.188635701207056417e-01 -1.204001173890854592e-01 -4.116661665550974680e-02 1.406516546988712535e-01 1.775534866463229777e-02 -3.599026577510622271e-02 1.072146080662916834e-02 -8.807807605619000224e-02
-1.922832605849451593e-01 2.412904438051262090e-01 -2.795254857841844576e-02 1.056152987529708209e-01 -9.238083380891876084e-02 -8.874639350019036810e-02 -1.045220277294521272e-01 -8.368836441768390255e-02
9.052254096200773592e-02 -4.974847360851558653e-02 -1.603030114549687246e-01 -1.536153720447513971e-02 -1.204655374352778807e-01 -2.414082514853393979e-02 3.501371133130865010e-02 8.597223993096575478e-02
1.747363283209216744e-01 -1.945612063118262736e-01 -1.458112147359683086e-01 -6.913198323481384300e-02 -2.182567800130041924e-03 -5.757121293487260649e-02 2.132569666171431622e-01 1.836779570172058507e-01
-1.580774179979875238e-01 1.511023151433253942e-01 4.959501972883623155e-02 9.131129233716611671e-02 7.314036745522051186e-02 1.411440422610867884e-01 1.681372969224018132e-01 1.155630998993241731e-01
1.885400725212968975e-01 -9.781431975441651216e-02 -8.766881246569591113e-02 -2.736448755759512963e-02 -1.894222811305494858e-01 2.048792740291090486e-01 -4.237962916745330322e-03 5.766287131106423436e-02
-4.326398050176444299e-02 -1.513933190116847349e-01 -7.144734757756276977e-02 7.965145581718319212e-02 -1.463039151731146958e-01 -4.901804540197507443e-02 -2.874797721975441700e-02 9.192537010008666742e-02
-7.376651350698903986e-02 8.360691856934332478e-02 -1.549587130397667711e-01 1.782528597768786027e-01 -1.073746069699463290e-01 -1.586646810116385531e-01 -2.253235331181839829e-01 -3.997918471197964285e-02
3.235940586588670342e-02 1.710914829429093231e-01 -1.060895419554639951e-01 2.330893229117996235e-01 1.712372986172682188e-01 -3.054978532071894737e-02 -2.170977008951835430e-01 1.087818811539988384e-01
1.848306972297150685e-01 1.417321169586666096e-02 1.005583429936796613e-01 -2.304026639859036996e-01 -1.606554264436956259e-01 -1.941224094639579789e-01 2.053702097068185739e-01 3.717007894687340830e-02
1.426267795973834018e-01 -1.365129803274879317e-01 7.725492933518363081e-02 1.893371613044333990e-01 -2.092393372653156836e-01 -1.299869735755030398e-01 1.256415620566225799e-01 -1.807321637019249638e-01
1.378983447665838025e-02 2.260755734231403302e-01 1.966730970480451424e-02 7.933729508411174747e-02 -2.100326905686382140e-01 1.061442061235151058e-01 -1.228656220349331751e-01 -1.424544800887822538e-02
1.741531732899039842e-01 -1.312920150054181501e-01 -9.325685355637636231e-02 8.872081404226073165e-02 -2.371979860329871959e-01 -1.379350578443863107e-01 1.619349670451820100e-01 2.365087621189243539e-02
4.860643315790835750e-02 1.839615898313802789e-01 -1.896432872976359096e-01 1.750385819902204876e-01 3.858993677446054260e-02 -1.850399836618044080e-02 -2.194945541781149201e-01 7.000411617012719523e-02
4.906856542406162758e-02 3.940835701999545471e-02 -1.665262177795602261e-01 2.450339657436027552e-01 -1.347582846934679557e-01 1.723125767301976197e-01 1.993317222709518610e-01 6.025369756163645452e-02
-1.196331578941058349e-01 1.529004918706811655e-01 -1.938329202363947568e-02 7.780875818887550421e-02 -2.198127091623516827e-01 2.038366847076217292e-02 -1.021818965065225404e-01 2.461874638854753550e-01
1.630798680082482521e-01 5.846440919987572205e-02 2.184979172836113426e-01 6.877770795641136026e-02 -1.803521798573563539e-01 -4.098370168256593171e-02 -3.631516655305166985e-02 1.721347488400626347e-01
-2.316408911221912170e-01 1.967550906072058625e-01 -1.326295791074975083e-01 -1.414341445460931546e-04 -6.969012368292837323e-03 2.076153183791567547e-01 -6.794812457347748635e-02 1.474374055710099829e-01
1.742042765164490414e-01 -2.007615489703520884e-01 -2.374181601843126654e-01 2.175214865140118747e-01 2.404287762991675903e-01 1.212226952126722046e-01 1.259288481981198915e-01 -2.245928265156637571e-01
-1.962425480318037985e-01 2.425534744494562966e-01 1.029983931341160175e-01 -1.666723548457887949e-01 -1.186163351272632172e-01 1.191439746186404025e-01 -3.269121558270926542e-02 -1.103624321979157497e-01
-1.540752020532825117e-01 2.021137804031309382e-01 2.265742173643666146e-01 1.292413232368783693e-01 3.262381787744605965e-02 -2.076228909610950968e-01 -5.837429257748394384e-02 -3.883985937059547533e-02
-1.515952942334898301e-01 2.405123190880886774e-02 2.742859917782858314e-02 -2.456232996063530405e-01 2.099164569746900244e-01 1.939968482774279135e-03 -2.382674183008445801e-01 2.008759803119988252e-01
1.889456884529396308e-01 1.862367107898998952e-03 -1.805183577388381755e-01 6.864623758121496389e-02 -1.887970527386190200e-01 2.791383201330160935e-02 -1.488926069589199819e-01 2.207720403820215282e-01
-2.019825648267610796e-01 -1.765437033697110358e-01 -1.155732107255564856e-01 -2.106806381339221268e-02 6.670833331417008738e-02 2.415202579594346588e-01 1.123116268721325306e-01 -5.334793701123224929e-02
-1.260509251609753245e-01 -5.655483872300209880e-02 4.131794901384522323e-02 -3.772914618834216638e-02 1.642995274877874223e-01 1.720787177735790263e-01 1.929454747966434236e-01 2.343367657920944480e-01
1.350669385578743831e-01 2.201213323723285042e-01 -6.530322752004341647e-02 2.824304392927240448e-02 -1.674665199128999582e-02 -1.156854072940116662e-02 1.046584549130179509e-01 -6.286541384055815973e-02
-2.351880282549748680e-01 -2.267531251279111260e-01 -1.910448332005116323e-01 3.558471496444515214e-02 1.458892552331881309e-01 1.495063662370237911e-01 3.850494866674925021e-02 1.884202298724726998e-01
-4.685439764353410697e-02 1.322388130016066699e-02 -2.428684633229540313e-01 1.988217756057250596e-01 -9.437849058637437505e-02 9.908771265827859276e-02 1.842618906849514682e-01 1.326812691449200110e-01
1.695857646518572626e-02 -1.520103849678794417e-01 8.207776118044907143e-02 -1.751452333116557125e-01 2.242548348767185451e-01 5.117541516344781272e-02 -2.541042804114335141e-02 3.599259268663024258e-02
-1.984259848208181909e-01 1.706302902097239227e-01 2.156322570133535899e-01 1.444376904626468727e-01 1.676850483762449828e-01 -1.305913673616729276e-01 -4.558843337141182950e-03 -1.685155265782314893e-01
2.269832519903470791e-01 -1.158328615067560907e-01 9.259238533397384785e-03 2.321518060921516358e-01 -1.701164078228677989e-01 -7.046253853582773452e-02 2.895593228101867034e-02 -2.394600032485704744e-01
2.471095946821484923e-01 -1.361362339474346816e-01 -2.093165493667592525e-02 1.028458433909784087e-01 -6.723421556684744393e-02 -2.248527339243248102e-01 2.423766572773167205e-02 -2.001600264636849147e-02
8.444147708616511760e-03 1.085675403319446564e-01 4.351919474456117376e-02 1.535883855769346051e-01 1.486519418419733896e-01 2.145697698066730830e-01 1.754381887904267745e-01 5.098320179336163216e-02
9.396177464459531947e-03 5.877411974019747243e-02 -1.666671795933492017e-01 -2.083588676492725833e-02 2.122073696581003865e-01 -1.994937506428668961e-01 2.054333307732760794e-01 -1.528288627369491226e-01
-1.682369036678664775e-01 1.765429313224369801e-01 -2.088617619547982196e-01 1.004247657555442652e-01 -2.317489276009790378e-01 -2.106413570737465935e-01 -1.551600637184092912e-01 1.128104774035793567e-01
-1.204639939298314810e-01 2.308881407128445251e-01 -2.865448049652424833e-02 8.072762169489433592e-02 8.952320579961031699e-02 -9.614536285831976059e-03 -4.539678045865219724e-02 -2.034697841257180340e-01
-7.641697010853765182e-02 2.111957446089303692e-01 -1.493450089501403566e-01 -2.134704941097995690e-01 6.777414610253079674e-02 1.531691641747068289e-02 1.103651674666439320e-02 1.965683634981466588e-01
1.753602982008897193e-01 7.939305164772481049e-04 -1.842748730686433745e-01 -1.905752817048677050e-01 -1.325834700474250449e-01 1.488050744588469976e-01 2.104985687655013815e-01 -1.417859591231269145e-01
-2.485643813662569701e-01 -1.210856033567168644e-01 -2.182586208824582874e-01 1.304163945205438213e-01 -1.400057262758483412e-01 2.462092730844978039e-01 -2.132600062336136304e-01 2.304369584016185413e-01
-1.411009021059815294e-01 1.075054287368364947e-01 -1.397770334116876789e-01 -3.658041181285759391e-02 2.347533153492447622e-01 1.920067324561630651e-02 1.319215439520545763e-01 -1.610708576765096933e-01
-1.303162441071601951e-01 -1.537832528815097355e-02 1.550818283185813606e-01 -9.699267484304213705e-02 2.255485118822343482e-01 -2.124878951053774667e-01 1.497701226394287377e-01 6.707527406030749928e-02
1.056591842503648571e-01 -2.910515798544260901e-02 -7.449660565975663173e-02 -5.328872845523557888e-02 1.419488065090008799e-01 2.331095231542286150e-01 6.485715516050238882e-02 2.023921707315172736e-01
-1.988312761016535202e-01 -9.044743809069166751e-03 1.605655523413156427e-01 8.268633147904935754e-03 2.453922110223342723e-01 7.477301200356772926e-02 1.301022079157915234e-01 9.189865084084247737e-02
-4.436533657533220376e-02 -9.986568928755512609e-02 -9.447846590469904937e-02 9.100828010179773386e-02 2.286871766421713081e-01 1.212781074315022467e-02 -2.023448210051334573e-01 7.084646486124890341e-03
1.119284113498595357e-01 2.297486592577003828e-01 3.361796106123382533e-02 -4.446426186932261881e-02 3.900708058257662536e-02 3.695298958359616304e-02 9.127228963381550653e-02 -1.726866905545782482e-01
-1.543130484300601624e-01 1.474459769808942888e-01 -1.040778890180152350e-01 -7.097183195300399428e-02 -1.880852363661012494e-01 -9.059869823771654618e-02 -2.386554322947252449e-01 1.928413420485053376e-03
2.281659358385924041e-01 6.532159259305508892e-02 -1.408559589334252848e-01 2.244242385423125263e-01 8.376296570922298068e-02 7.838928077027579322e-02 -9.020396805432800980e-02 1.006306518627776425e-01
1.187388939995813186e-01 -3.207540762624205843e-02 1.469146893426319100e-01 8.954164145485477011e-02 1.528665566765191608e-02 -8.018590674877623670e-02 -1.651996099002602802e-01 1.062594962945487831e-01
-1.718938802226215867e-01 1.452183376921373226e-02 2.188912981576909833e-01 5.144330916597256165e-02 1.106340414901070823e-01 -6.980282349830779776e-03 1.528527557620570354e-01 -1.359313720864708808e-01
8.225313991476601583e-02 -2.605489573962521677e-02 1.128592494498296683e-01 5.089272962721297366e-02 1.235103374497432682e-01 -1.827717236682673274e-01 5.391661553043819444e-02 1.528752800946913126e-01
-1.385803103252457036e-01 1.247199447356817648e-01 4.030012961323664600e-02 1.162368795826969614e-01 1.238619341770607063e-01 -1.778856967333722894e-01 -9.466263719626777373e-02 1.538454705904659936e-01
7.844501742220283402e-02 1.838450550614064705e-01 1.280567791511789677e-01 -7.260780682701484245e-02 1.797235215194610825e-01 2.700219088313271509e-02 -2.807112674230888283e-02 -3.544037394213084280e-02
-3.777511146883233417e-02 1.679041407922049478e-02 -3.541080524549844455e-02 -1.071047673132136668e-01 5.965111835320691114e-02 2.317256714313996047e-01 2.186784125828371006e-01 -1.554150278785221828e-01
-5.828770100263891418e-02 1.747330162383881613e-01 2.258610876574130288e-01 -1.867915292727190257e-01 4.419912103504514134e-02 3.696567176391751808e-02 -2.391307660544169100e-01 -1.106608490492388963e-01
-2.457361254971895947e-01 1.003070063567189640e-01 2.144424937792749342e-02 -1.014468110257875089e-01 3.370497000542821420e-02 -2.381036683823579692e-01 -2.295699824108672349e-01 1.899853410414532040e-01
4.413571346084810276e-02 -1.616427738621443733e-01 -1.543043769178554236e-01 1.170181983036728823e-01 -1.529521117319622703e-01 1.539118955488046891e-01 -1.062209480046220067e-01 -1.046501984991293210e-01
-1.891106466380597650e-01 4.610787788123316133e-02 7.792917819230765764e-02 -2.340822370557888998e-01 -1.720123888041101279e-01 -1.510851823033356189e-01 -2.202036517857672848e-01 2.386380516637567339e-01
-2.147699242090291283e-01 -9.858168641147663225e-02 -1.354138832039947227e-02 -2.112813773479378932e-01 -1.699824370010380448e-01 -1.376134729264735235e-01 2.310506727356673173e-01 9.244874892751714368e-02
-2.084434574239283355e-01 -5.319457932780358167e-02 1.729337840229135947e-01 -1.203071072621957338e-01 1.273664013236064929e-01 2.199469956799753878e-01 -1.093403429002934857e-01 -1.828711248055849836e-01
-2.610402253628402169e-02 -2.140965118295088954e-01 1.387942881977283216e-01 9.774098348527238134e-02 -4.059211495719461382e-02 -7.493453812467532060e-02 1.895342067261757135e-02 -7.256679201584204097e-02
3.112224046871864269e-02 3.580329263272880036e-02 1.265790631601023120e-01 -1.393244495207530131e-01 -1.380858036905300845e-01 -2.515979967974729670e-02 5.992004988222732198e-02 1.179904382710859068e-01
1.940498788729748680e-01 4.039277023215770424e-03 2.428430025381868584e-01 -8.156627963381102298e-02 9.837651691990917380e-02 -1.052557141067179125e-01 8.542278823362497997e-02 1.732552304733414594e-02
2.650070087413558539e-02 1.023582672062374743e-01 -1.441253254487889213e-01 2.414512243706052885e-01 -1.933502417771117976e-01 2.979087030317467688e-02 2.281852292090802425e-02 7.326090833896070631e-03
-2.247136628299521988e-01 -4.983836129517066338e-02 1.161035944165133560e-01 -2.691565017807484583e-02 -1.844299678842636903e-02 -6.603997458775068274e-02 -1.720543859709749990e-02 -1.219565218627305381e-01
-1.883563875057749915e-01 1.012886211939689196e-01 -1.807411607989886648e-01 1.469878958152187609e-01 -1.702881580879744838e-01 -8.730623579550400581e-02 -1.881118051852744832e-01 7.884914061497244608e-02
-1.430882428371124671e-01 2.412344688609915910e-01 2.161027058742253093e-01 -2.364971581986327065e-01 8.337836446718754901e-02 -1.236442249942554805e-01 -1.783324521315442501e-01 1.606095614999766275e-01
1.319988637256045982e-01 7.746785164716940564e-02 2.022707032152920581e-02 2.178882373422239005e-01 3.772303537471161095e-02 -1.993351299032283808e-01 -2.232319501907655268e-01 2.427410115854722883e-01
1.991142837438779623e-01 -1.861908631593549024e-01 1.012081863330516196e-01 2.656098901472375706e-02 -9.390842453009512480e-02 -2.748488393905179628e-03 5.152978674359093292e-02 5.875999779263169076e-02
-1.543155185328423662e-01 -1.375364314576638103e-01 -2.352298325582556915e-01 -1.009849508251757788e-01 -1.985940889841925072e-01 -9.635818956756564413e-02 -1.944833720727404680e-01 -1.868913223266320811e-01
1.957922210194376622e-01 2.050905078814198035e-01 -2.338974010937324710e-01 -4.928960239671503762e-02 2.740065190412438456e-02 -1.921057088619028685e-01 -2.863440720420007413e-02 -8.415667893599765303e-02
-4.801156649000859478e-02 -1.360068236886253779e-01 -2.198840786588558971e-01 1.384508908839882091e-01 -1.046217960088117183e-01 5.418891505151224308e-02 9.006119843396065416e-02 5.499421317622527061e-02
-9.873834665936598309e-02 -6.243669983470029328e-02 -8.914560089430634271e-02 1.631515123960388114e-01 -2.426611415959019635e-01 -1.477738564832704604e-01 1.717715253788326679e-01 1.662559336451441827e-01
-9.899826931239069649e-02 2.383702947454496290e-01 1.348799847173168809e-01 -1.698252591635819875e-01 2.213773462360690836e-01 2.229696982602410449e-01 -1.732532116915201925e-01 1.755407773673592908e-01
1.963608499153962628e-02 -1.319299113466063100e-01 1.419659588460629451e-01 1.442868200920244259e-01 -1.973074755292038573e-01 1.710320037023385087e-01 1.880706819851601930e-02 7.702200659858249310e-02
-1.511925311669188310e-01 9.459842743394664133e-02 2.259513845597278525e-01 8.384480624974638419e-02 -2.265065814563003710e-01 1.640948069648229257e-02 6.158620352736260406e-02 7.121457641666911753e-02
-5.932209597034665549e-02 1.943419519439283927e-01 -6.364537460201963315e-02 1.200371273498331837e-01 9.717898637721189559e-02 -1.477410051643603950e-01 -2.408306400643969725e-01 6.021629687110857665e-02
2.177038512790743785e-01 8.589102739470944048e-03 1.923056665569716772e-02 1.294663927733227804e-01 9.345851366325780285e-02 -2.310979172075536825e-01 -3.815341172185132690e-02 4.744885838105500353e-02
4.009174593220449223e-02 -3.530848619395510202e-03 5.289200257274423445e-02 2.297113484969519059e-01 -5.433896352370853888e-02 -3.836614804343857488e-02 -1.647503447606996629e-01 -2.064195697380438732e-01
-2.413518232403537023e-01 8.892590464875177458e-02 -2.432681013142091730e-01 3.197073251964860363e-02 -2.021368822252550546e-01 -1.098632613177269457e-01 1.330409448408374495e-01 1.398401073317440679e-01
