-1.856004925064790312e-01 -4.092557541544494804e-02 2.025962980040727501e-01 -9.030251855632576152e-02 2.136743155246489390e-01 8.886379149805928579e-02 -7.003125668786924773e-02 -9.260831771851679717e-02
-2.419607531342499174e-01 2.348433730064894975e-01 -1.594373428455420627e-01 1.575449260451888267e-01 -7.552751848593941553e-03 -3.495422334935810449e-02 -1.837846692598210652e-02 -2.369455303736914820e-01
8.605176076898157778e-02 2.325934274027519066e-02 5.032561448711658780e-02 9.063050091623653381e-02 1.769572676413858070e-01 1.816807344111405764e-01 -2.054394547808159333e-01 -1.784185798991688165e-01
2.026864166886023222e-01 2.759523263556318273e-02 -1.281963815921953187e-01 -1.107784249605158755e-01 -1.462773393874594596e-01 -1.148361270822467195e-01 2.107968053399655872e-01 1.485530158994393113e-01
-2.410871515841658264e-01 1.038842468588302981e-01 -2.843719170831976450e-02 -1.738246323155155371e-01 -2.169494192849057979e-01 -9.801134324554905408e-02 -1.686030746475164488e-01 2.049181091768105811e-01
2.457045298168177849e-01 1.058953731858741643e-02 -2.268850346396770190e-01 1.163458575317176114e-01 -5.455958229553020677e-02 1.053652528903759600e-01 -1.934027774936802890e-02 -1.807862908346162256e-01
-1.812339844467736882e-01 -1.382550177766703192e-01 2.342013539705248282e-01 2.382961142088935724e-01 8.403049520545674556e-02 2.072129066495183025e-01 -9.140273321527714323e-02 1.292228762205583914e-01
-1.227431235786148878e-01 -1.152813845413466765e-01 -7.353912971975851143e-03 -4.509440140442966261e-03 1.397575585376366059e-01 1.476448275442748814e-02 -1.458231777593357315e-01 2.194787148228489193e-01
-1.752647481749472491e-01 3.654176290475741329e-02 8.226283159907388232e-02 1.759440394049914813e-01 -9.295588456577869030e-02 1.623251069661352242e-02 -2.258280589480419764e-01 3.115473238648808207e-02
-4.093804022680708199e-02 -2.006686916388210618e-01 -8.564497273416527001e-02 -1.816118348931673454e-01 1.354709760100741844e-02 2.207098843513147779e-01 -6.605666849705538191e-03 -9.758278149734078699e-02
1.331138373943605568e-01 4.305731077955471386e-02 -4.310454955928078036e-04 2.111331015814373879e-01 -1.629064003212956635e-01 5.730243197300866065e-02 -1.983567474691655397e-01 1.303832421897527238e-01
1.770970786520846274e-01 3.608883908557991571e-02 -1.174999367662193372e-01 -7.756944175784946660e-02 2.847349781588415230e-02 1.067504337713114926e-01 -1.903153872402290614e-01 9.083667877809076252e-02
2.491998752867924938e-01 1.215087618442162176e-01 -6.755168084017776353e-02 1.363168166616552934e-01 3.027889879010775553e-02 -1.290944437227317665e-01 -1.781138311532400320e-01 1.629187522940919730e-01
-2.436712689488929051e-01 -4.573835177659374418e-02 -1.703547083565221110e-02 -2.040992423636068254e-01 -1.623013045903687890e-01 2.191619733532080838e-01 -1.419957657084569558e-01 8.506798155109107640e-02
-1.635961697663923520e-02 1.257040445044476096e-01 -3.038662754391313614e-02 -5.741075133654788276e-02 1.658411518833767806e-01 -1.937130810268090642e-01 1.097708843503333864e-01 8.751489924366301354e-02
-1.425990075476362140e-01 8.655371898905361849e-03 -5.222953701453286746e-02 1.649948311298917170e-01 2.089634509960675013e-02 -1.610976746188702013e-01 5.966181809993625906e-02 -1.688337289754289205e-01
2.952836453966889430e-02 -1.311817374721194196e-01 2.208428695395111552e-01 -2.446010470685217042e-01 -9.825182043514790742e-02 1.940854954154102585e-01 -8.216532147200911185e-02 -7.302418222158896244e-02
5.259905466949138519e-02 1.720227529345816353e-01 4.838737835803930132e-02 -9.698979699438670110e-02 -1.373222816160354354e-01 1.946436067763377409e-01 -9.223099202469631219e-02 -9.168568161140794315e-02
8.708404232827626767e-02 1.920999303231867850e-01 1.935817568631675867e-02 -1.947202913025541937e-01 5.953406068557148823e-02 -1.862275565636967722e-01 -9.410749822201247561e-03 -2.452912519563243410e-01
1.006755880055498764e-03 -1.932012032500192711e-01 1.564399214650096792e-01 1.980900804105210078e-01 7.978911258997017919e-02 -1.160895636689191490e-01 -7.587607002975083059e-02 2.130764885747359338e-01
2.297158607469353964e-01 -1.697155733300473313e-01 -2.243179564421008410e-01 5.271541492039394372e-02 4.478817255171763101e-02 -1.561277859139996727e-01 3.789453734297631993e-02 -2.020916061710025247e-01
2.069585133466522731e-01 6.370715030428208969e-02 1.396045752027597620e-01 2.240479511850190786e-02 -1.228392457944764704e-01 -1.799714686549762077e-01 2.228443488586741572e-01 -2.394030183695812219e-01
-1.856416111010861236e-01 4.850987247022986448e-02 -1.284110931753382201e-01 1.020332341179919777e-01 -1.036156354776091026e-02 8.526004010499937946e-02 2.323517843357351675e-01 -5.504713871343885900e-02
-8.319714086475249459e-02 1.619897831909956065e-01 1.227593534612466120e-01 -6.039206833717508660e-02 1.888150417839697948e-01 8.783274704797450205e-03 -1.146640213313273038e-01 -1.514179833742420600e-01
1.469010459408185976e-01 4.994642926927655990e-02 -2.210423073271722827e-01 -7.418160333163209552e-02 7.638416155142435660e-03 2.224003918095391885e-01 -1.603231593749948614e-01 2.338874930713387146e-01
-1.695272169252179384e-01 1.861996482282357035e-01 1.160280412942575334e-01 1.869428176808786701e-01 1.801339269499057094e-01 8.857213723658496907e-03 2.162406647293517725e-01 1.454682044856142054e-01
2.456754566743618029e-01 -2.411197147305828570e-01 -5.844312266536377809e-02 4.647382776938657756e-03 1.046247959160492291e-01 1.080272199072326300e-01 -1.419231155903722952e-01 1.713870780464131771e-01
6.194041023092389242e-02 -5.009866560438186456e-02 2.083603642927576716e-01 -1.292041917028073916e-01 5.436191128215045465e-02 1.377429653429629308e-03 -4.146321820159526439e-02 1.513332966580623329e-01
7.440328702907006431e-03 5.209664975760808225e-03 2.253939759113054997e-01 -1.827079212431393929e-01 -2.149701185852253560e-01 7.783947944141772490e-02 1.155480960997978812e-01 -5.445266146836186261e-02
-1.116051573693616072e-02 -2.060885814023191154e-01 -8.974881292128755739e-02 -7.614124156053780901e-02 1.776636972872604470e-01 1.571937045262208343e-01 6.352179795915624538e-02 -1.559487416716713315e-01
8.583918122363309866e-02 -1.702030653694441287e-01 -2.073445942290796928e-01 6.758115563501909673e-02 1.927139855218528153e-01 -1.652808370193574183e-01 -1.338877782587800103e-01 -3.833025398866390931e-02
-1.167508047396471627e-01 -1.315467558271099513e-01 5.563767311237444169e-02 6.104375113101934147e-02 -3.287411647561366834e-02 -6.059115202288822832e-02 -2.204575114860159446e-01 1.655853901109165527e-01
1.376837585044933254e-01 8.042090275582930436e-02 -1.401720088700227351e-01 4.113370106799069115e-02 -1.371960524399248316e-01 -2.414004728237903463e-01 -2.264017217774876856e-01 -5.368090451606905011e-02
-6.072416068064606653e-02 2.431235107581708466e-01 2.156374570001570734e-01 3.823285981371921105e-02 2.627492854517443632e-02 -1.995771202230237074e-01 5.992388778623514156e-02 6.411382613749627701e-02
-6.429389485651149094e-02 3.931904805925695578e-02 4.750097451969204077e-02 1.109825298105222569e-01 4.894207525411647941e-02 8.536834577179841510e-02 -1.279541868667422588e-01 2.164946286461823521e-01
-1.951087358806236072e-01 -2.863394555469750413e-02 1.211086642024564730e-01 5.521255477745207196e-02 -9.069902625088133163e-02 2.471718141671237490e-01 -1.090052107737560227e-02 1.433542455834490581e-01
3.683192592942979848e-02 -1.572591556690011716e-02 1.808157958715386759e-01 1.444750424264002464e-01 1.631339068213982779e-02 -1.266883094584874137e-01 -2.225785329385475686e-01 9.936184134278175373e-02
8.827249097380612808e-02 -2.169990235256802347e-02 1.304453632783486583e-02 2.242724699058631366e-01 -1.163676490865910296e-01 -1.348914942425343266e-01 -2.468946965368492008e-01 1.601844783510111836e-01
1.547984753296382521e-01 6.842085096418987211e-02 6.896862036701845167e-02 2.159807693042244958e-01 -1.576925831705203174e-01 1.794660180114909798e-01 1.507014166382708575e-01 -7.095185973057926976e-02
-2.494212445348287233e-01 3.598631520952966234e-02 -2.044799978531542939e-01 -1.875984789414359977e-01 -3.089627991024540554e-02 -1.140324551431380895e-01 6.047870013293416003e-02 -1.594623138695091535e-01
-3.527337254849721715e-02 1.323541424243507292e-01 7.620950966565975815e-02 -2.319596868157141056e-01 -1.247099451292448813e-01 1.546223884450049768e-01 1.162223269420233351e-01 -2.463558830966308122e-01
1.382869896753927130e-01 -1.839996576189181776e-01 3.036864188046972668e-02 -6.506109798073722583e-02 -8.997686349275707540e-02 -1.210883176971209729e-01 -2.189664798670886148e-01 -9.345717560788280309e-03
-1.567351589263490386e-01 -2.359878639856169968e-01 -1.494817823983902172e-01 1.996012299622929587e-01 -2.038167622880385776e-01 -1.852646014190669210e-01 -9.954610314403866678e-03 6.451991425443770467e-02
-4.649873106369117881e-02 -2.851742533274526092e-02 -1.371239052190129648e-01 -1.934260386382289365e-01 -2.215759279219635669e-01 -2.992821992367067363e-02 -2.545691152887014086e-02 1.117736094078448095e-01
1.711901747092792192e-03 -2.190505438231085678e-01 -6.550779790795491220e-03 1.465430777926785000e-01 3.566888517393962399e-02 -1.316139462470606869e-01 6.166322893402303995e-02 -5.021831184453839914e-02
3.723210614385918937e-02 -1.463255742383297031e-01 1.032038410527182926e-01 4.487294734213365111e-02 -1.541230196586739210e-01 -7.442539790950647438e-02 1.017849113950426987e-01 4.833941549874454235e-02
-9.455153522219345019e-02 -1.507738993712125497e-01 1.478230502780143452e-01 1.507589888761061703e-01 -1.313402105616318649e-01 -1.217698896054663638e-01 -2.139532070562855104e-02 6.403658227433217665e-02
1.994707303060237469e-01 8.237893197223944419e-02 1.320917928070480807e-02 -3.273550576635581022e-02 -1.571333802292889659e-01 1.536511744986269745e-01 -8.333677858185040144e-02 1.406696702876011340e-01
-1.109290082449336245e-01 -6.550479940073944407e-02 2.490443169578714921e-01 -2.199524291320845704e-01 -1.890658829821503795e-01 -5.601116792372845543e-02 -1.115721085775823740e-01 1.410538878614356340e-01
-8.064469941511565043e-02 -1.198537213955449543e-01 1.993264884136586867e-01 -1.086062761547967326e-01 -7.871147810635992226e-02 9.826832727995044037e-02 5.402049288192706245e-02 -9.959687918770304682e-02
-1.133436786153474429e-01 -2.151796046874118185e-01 -6.461652103900439315e-02 8.923648434215725178e-03 3.437912299329626276e-02 -1.604118729109974550e-01 2.155055943928403384e-01 -1.443462139034071279e-01
6.829380373036203489e-02 -2.175417760282050694e-01 -8.414820712206333431e-02 -1.853877973862472217e-01 -2.081320326294952006e-01 1.937832310684668990e-01 1.376879907281538529e-01 -9.499183846964370792e-02
-6.604477099508854199e-02 1.695082919547708511e-01 2.457533870370970375e-01 2.203821490058222587e-01 -1.272924083993736133e-01 -1.145281339092077966e-01 -2.464519044486559451e-01 -2.378353329445420106e-01
-1.036729584429985085e-02 -2.461984980797095046e-01 -7.323702952392729948e-02 7.783550115799198199e-02 2.245832836058574977e-01 -2.345829762090836934e-01 -2.153244947415177690e-01 1.513410150282867850e-01
2.362373565697276634e-01 1.495247144252601634e-01 2.456092112229405489e-01 7.793262552847124436e-03 -2.474761104915513821e-01 1.917689317618079259e-01 -2.025819314101923174e-01 -5.448740231323551120e-02
1.327514684130931544e-01 -1.818233814258207737e-01 -2.058119390484990374e-01 -2.043416980804716454e-01 1.527653542585314383e-01 5.499015389434419587e-02 -1.227753120616246196e-01 -2.104955791809339227e-01
1.440065641630211557e-01 1.195995726849744534e-01 6.559617016639213150e-02 1.979028830199012767e-01 -1.679050320540049213e-01 1.848521120818581998e-01 -2.426859601907715436e-01 7.395639032625062059e-02
2.774030442638464322e-02 -2.488488862306386662e-01 -4.500699941279839855e-02 -1.320991297985399382e-01 1.657611825737000388e-01 9.089510377330356494e-02 1.093654923526887757e-02 -7.465380254870362942e-02
1.944791785758203106e-01 -3.376134981294603987e-02 1.362086752703278725e-02 2.316416980581126328e-02 1.936360514200239358e-01 -1.922950784567148408e-01 -2.224839317692280383e-01 -6.627320512644652162e-02
2.412778928449691440e-01 -2.048535273455419636e-01 -1.010372985062031326e-01 -1.116013097347410277e-01 3.477972993285705083e-02 1.045603308058948300e-01 5.360795526738765249e-02 7.959702664001105932e-02
-1.297455227724810811e-01 -9.623816872318946558e-04 -2.133192594233113137e-03 -1.636245621192997657e-01 5.949742888920755979e-02 -5.112237907518935032e-02 -7.378024822066620025e-02 -3.519883720467520405e-02
-3.781286338221134802e-02 -6.659725182572118207e-02 1.550979724454693565e-01 -7.393599762907193673e-02 1.727687506146964314e-01 1.634635518986999880e-01 1.244808824725496810e-01 -1.761738859652480782e-01
2.225143279804761565e-01 -1.423808222111315192e-01 -1.190365785382815345e-01 -4.299574542136502808e-02 2.285512388914405779e-01 2.047111230215055144e-01 1.970827929432969472e-01 1.951933797995455411e-01
-8.534015724475546572e-02 -7.509331567110238970e-02 5.511213597748976234e-02 1.639193138754785339e-01 -8.262634505144456076e-02 -2.440998706282573871e-01 -2.253764982575084397e-01 2.016276909816289153e-02
-5.149136084386518597e-02 -6.632162250852841057e-02 -1.907359941828278838e-01 1.398540849905405281e-01 1.107655431415778824e-01 1.528221329471715628e-01 1.138769082184094561e-01 2.813308884281329192e-03
-2.329880960661312450e-02 7.067701702513362605e-02 4.432894049176483442e-02 -3.126751350645007310e-02 1.098654029933205933e-01 -2.373300259487327590e-01 1.778187338743911772e-01 1.591502413521263537e-01
-1.178993705194247843e-01 -2.295882718764109542e-01 -4.688841465797721764e-02 -1.041914866351777991e-01 -6.634704532020929690e-02 -6.394821798617783548e-02 -3.778326769844092548e-02 2.309698045081440276e-01
-3.757034392779562415e-02 -2.396177301062007992e-03 4.675872057789454139e-02 3.200427910010128496e-03 7.326939566503892776e-02 -1.473052951178194236e-02 1.467241504784581041e-01 -2.953536436872539195e-02
6.126081088854251622e-02 1.540221649364439949e-01 1.804605548007257587e-01 -2.005841381615606211e-01 -1.632925731579323303e-01 -8.500140901585845343e-02 -1.248617338235437635e-01 2.264092273102669139e-02
1.497128324971124802e-01 -9.906448831301523095e-02 -2.241054311708495783e-01 -1.235903261773227957e-01 -7.062248442203028498e-02 -2.002365157593225531e-01 2.915208975726041318e-02 -6.896649239751051486e-02
-1.387262702112480039e-01 2.010671481148624262e-01 9.111977802485349276e-02 -1.408755637666281313e-02 9.940773803318542212e-02 1.616224229000254864e-01 1.646455376504268875e-01 -4.066089872146294582e-02
-1.871292577361818865e-01 -2.453556002990958662e-02 4.876205809634126531e-02 3.745901673820922761e-02 -1.924130785348298622e-01 2.415757302842211907e-01 -1.157868219220993256e-01 -2.478476330168572495e-01
-1.541730351231992979e-01 1.343240498006992301e-01 1.740202955318655986e-01 -2.341126907203864849e-01 8.990082599336646219e-02 1.722485376935829482e-01 1.044904892119780104e-02 3.609496889779673090e-02
5.659282023607065115e-02 8.504872452306522224e-03 1.514269191132232573e-01 -2.261641823022831344e-01 1.276788289526077924e-01 2.334270021177035637e-01 9.937418629613115062e-03 6.437131706586379787e-02
-1.587701269511048174e-01 -1.329147444470400452e-01 1.256856475145272101e-01 2.097141195479360620e-01 1.275126282876002382e-01 -1.180246902049330582e-01 -8.150991265202389702e-02 -1.086877719058356728e-01
8.304945810595626421e-02 5.513864090688769259e-03 -2.426554219593864414e-01 1.408874138929138708e-01 2.254065771567492771e-02 3.270577505656591111e-02 1.547913492080388309e-04 1.870806761896859904e-01
3.122132539340627400e-02 -1.050368849952758032e-01 -9.690088213883008006e-02 1.931876130594701313e-01 -1.986478935187779293e-01 -5.280686887403135410e-02 2.053352825647815072e-01 -1.910938781018914345e-01
1.579916636255609408e-01 -1.043757714390124436e-01 1.096590205477461777e-01 -2.423465041323011326e-01 2.283267096433117538e-01 -1.115009436894741079e-01 -1.655388825842861178e-01 7.627070867476004601e-02
-1.420785716586747127e-01 1.981045060061871754e-01 1.473120988903452999e-01 -2.309995514011072282e-01 -1.597647498928763121e-01 -7.338404405241211181e-02 -5.107969121090466524e-02 2.144032940317850966e-01
-9.974353486528153567e-02 -1.851132769859265004e-01 -1.458628806965773239e-01 -2.210424435793542641e-01 -1.314006726576409378e-01 8.334453933598490183e-02 -4.835503212003550155e-02 1.263927195599645614e-02
6.391251565130279255e-02 -8.720037526426671626e-02 1.942868894534346969e-01 1.790704448668505311e-01 1.682663131962790493e-01 -1.063201007945870358e-01 -6.324870233043117240e-02 1.581613363159720120e-01
-1.041686792155447905e-01 -2.126436967391539534e-01 1.480047210100081112e-01 1.070925063048526193e-01 -1.463253620404227906e-01 -2.162968738973599092e-01 -1.366540822006153122e-01 -2.129121664726407182e-01
-4.067827063567686086e-02 2.039022663598949459e-01 9.831898468676336655e-02 -1.483254184878226578e-01 1.266982700906341686e-01 2.067059371744417451e-02 1.607050759129746709e-01 -1.836175358837029981e-01
1.778173655457476743e-02 -1.268727817334779351e-01 1.966230377582056654e-02 1.315973331926949541e-01 -9.509977268163294362e-02 -3.673717060832437653e-02 -6.925015433311326740e-02 -1.901518671218085377e-01
-3.376244958636920313e-02 -1.506402059592245601e-01 5.322189148984102225e-02 1.014953996958959936e-01 3.531359721488680492e-02 -2.242461756269798490e-01 -7.864516240058849750e-02 -2.081339543328147856e-02
-1.220537145741545926e-02 3.575205155528565770e-02 1.500414932224544140e-01 -7.767587587534169336e-02 -1.543983473817226448e-01 -1.543147620130649877e-01 -2.020648980822688512e-01 2.275696877707112931e-01
-9.757963029632776841e-03 8.758488067776204478e-02 7.323924433962319958e-02 -2.468382657639418554e-01 1.326280059905693975e-01 -5.134795447293216686e-02 -1.454163660311519890e-01 2.495945843072484016e-01
1.124203182819774605e-01 -2.125561201672621081e-01 -2.168978316110378723e-01 -1.964930169178589758e-01 1.687349096983877805e-01 1.120274014368639603e-01 -2.063100842085620612e-01 -2.465626475098990356e-01
-1.340490247827768600e-01 -1.103544775423105917e-01 -8.333455270636891399e-03 7.340156095486150001e-02 -6.411389521764637722e-02 -3.014885167089120799e-02 -1.864525076857449504e-01 -2.069545780346653263e-01
6.879162671829258668e-02 -2.355289866765630236e-01 1.412650585278737991e-01 -1.772874175703748612e-01 1.806012236034409968e-02 -6.268439207496823151e-02 2.147882010422431098e-01 -1.013022250670366775e-01
1.515113438805011370e-01 -1.313896515221706918e-01 -2.256697490174521259e-01 -5.217398536052486602e-02 -6.577095568356772226e-02 1.638825496352802613e-03 -1.330200954400517777e-02 -1.314549974848067126e-01
-3.837594292268131646e-02 -7.892113427304664475e-02 8.673997794772414505e-02 5.885925866726282596e-02 -1.456663279990039750e-01 -8.642767782653770769e-02 -1.831237622238750529e-01 -1.089487107949141942e-01
-5.122721555423298545e-02 1.937894761078017836e-01 -1.349324456242421699e-01 1.364766212899944375e-01 -1.240446985860327866e-01 2.465882712026440382e-01 1.292058022774582593e-01 -2.425239251752511205e-01
1.079290918721805825e-01 4.688608127667859282e-03 -3.610387615511562176e-02 1.664444587793656449e-01 -1.017799365781653642e-01 9.886647059212466671e-02 1.887187698436967875e-01 -4.786391839333126175e-02
2.433219482202808037e-01 -2.273774953373440821e-01 -1.097344607552204754e-01 1.862693810216635715e-01 -1.289448550164035145e-02 3.261434017270931074e-02 -4.941360632938085473e-02 6.053803398767876320e-03
4.603970268150731071e-02 -1.275815453297253210e-01 2.309932064313275912e-01 -1.631374373070852979e-01 -5.559006255599285851e-02 -1.523865147597867065e-01 -9.293210544665819750e-02 -2.192254405333500800e-01
7.844856629734375808e-02 -1.190850918278559267e-01 -2.106052587438815293e-01 -2.133717802643090855e-01 1.202153293555462965e-01 -2.452804062597162549e-01 -8.182506579754045273e-02 -2.437392653220896710e-01
1.259039103079843125e-01 1.523745321140190789e-01 -2.306581340728064422e-02 -6.668465194881706415e-02 -7.141474078832954486e-02 2.335538630652611580e-01 1.877837156140912955e-01 -2.181027417735450502e-01
1.661732925106974568e-01 -6.825648602766160034e-02 -1.759147222539664268e-01 1.152033713398481485e-02 7.189221871425505173e-02 -1.371707407416746238e-01 1.263422980615030999e-02 -1.384109032088862157e-01
1.113486647942721341e-01 -2.049608491485745976e-01 -9.978489481577312858e-03 -1.906697823792649071e-01 -9.752513587946154416e-05 1.179863637973150303e-01 1.377192771944007466e-01 -3.417251082256139716e-02
