2.967074453526152844e-01 -3.110978033096092332e-01 1.799725709039444732e-01 -5.304893916605601945e-03 -3.431321531878589459e-01 -3.463263659745671186e-01 -2.334730186728708468e-01 -1.160056643979560098e-01
1.194740653178516521e-01 7.860486853852788336e-02 -4.027484155204332783e-01 -2.094852027273115258e-01 5.716002546000942264e-02 -3.016855156556478290e-01 4.730428087466626019e-01 3.175934782727450889e-01
-3.172096266860562341e-01 -3.057241834958641657e-01 4.849606991656962851e-01 -4.704497549652500998e-01 -4.177772554804501937e-01 1.874666104581870218e-01 -2.182215257733438607e-01 -8.622323880053917033e-02
1.227784285380414397e-01 3.259725180074972695e-01 9.471077690904439184e-02 -5.307982926906906762e-02 4.538861256208557293e-01 -1.538529606469951627e-02 -1.420748490229499783e-01 -3.909518203438899775e-02
1.626484520665383293e-02 -8.977518712099485931e-02 1.273667520638416262e-01 6.640526116089462416e-02 -6.355084040256020472e-02 -1.738510835427059531e-01 6.515776202076617452e-02 3.662579116561788251e-01
-2.801294682674925207e-01 2.875515717705748875e-01 -1.489529394404649487e-01 -3.837720327185784042e-01 -4.045618950780502932e-01 4.251404802498602864e-01 4.904828917180865666e-01 -1.076558325844467756e-01
-1.445221919408931077e-01 -2.601480773344777564e-02 1.529928167923767512e-01 2.569211341039466800e-01 3.940764595727936914e-01 -1.810799373409512913e-01 -2.230228696314994208e-01 -4.735079921987535023e-01
-4.028828207172314713e-01 3.774990104353014297e-01 -1.821050597072437771e-02 -4.589716012310429694e-02 -3.068152402848687288e-01 1.591858151177661940e-01 1.841913492106350692e-01 8.096885814900844913e-02
-4.587941470134461186e-01 -4.621087350385125747e-01 2.676132986783189560e-01 4.130678765888162740e-01 2.457817107278527091e-01 3.756586404216883945e-01 5.530727404042123929e-02 -3.062345609857086703e-02
-2.847426232750436270e-01 3.835533505412223043e-01 3.395180740789260909e-01 -1.507029315672968606e-01 -1.359266835530112960e-01 2.906700050059840557e-02 2.971997522674566516e-01 -2.032941604178992723e-01
2.043319514218090438e-01 2.895529904358785656e-01 -1.223825042919151063e-01 -4.495134175441554136e-01 1.799058637593284882e-01 1.782734063950961456e-01 1.018973645967722330e-01 2.866588577706927765e-01
-2.920202972575848266e-01 -2.117672721536374425e-01 -2.219330043495904015e-02 -4.880658005353014639e-01 3.026794171298275993e-01 -2.020244271668810709e-01 4.492257523682516851e-01 -5.928199380501819604e-03
4.264015955147157921e-01 1.506464784399375034e-02 -9.828411662355340805e-02 -1.837550006083124021e-01 -6.223798134021019113e-02 3.776265991551600587e-01 -3.957555781336107303e-01 4.605125293218859106e-01
3.410535280205904130e-01 1.062285364591167847e-01 4.966492715080177422e-01 3.094701521241681741e-01 2.843536152516726867e-01 -3.035829731967686351e-01 3.940063128310948848e-01 -3.615201034796799995e-01
-3.868652536204599812e-01 2.522086479631830969e-01 3.523172354855380606e-01 3.834697157792535949e-01 1.737749422855153769e-01 -2.069148985205511160e-01 -2.185694888088695054e-01 -4.102557879055687140e-01
2.691721817257083371e-01 -9.475331577467949185e-02 -3.450471619009234381e-01 3.243517106286861740e-01 -1.876231426104461031e-01 2.190674080649159805e-01 1.940197922405503261e-01 -4.493108126022404836e-01
7.616917142024903775e-02 -4.788008603374825922e-01 -3.421076536976493943e-01 2.555939810462261041e-01 -1.000754410478472689e-01 3.500574091854194991e-01 -1.013395251397732899e-01 -2.516373726999784344e-01
4.446935739719969360e-01 4.576726918106893693e-01 -1.469760918288475215e-01 -2.998409463461343405e-01 -4.144576438098956928e-02 -3.301756934560282630e-01 -3.206424777754065536e-01 -3.162139011971958347e-01
1.448955429050143850e-01 4.189376208347145303e-01 -2.958540958918631780e-02 3.111134081249007366e-01 -1.018123073345716945e-01 -2.174623509013593470e-01 7.020464513077795399e-02 3.703400928201854292e-01
5.207997730520175228e-02 -2.817965535369535424e-01 -1.255257918959897800e-01 -2.584394054887002579e-01 5.714300897793600509e-02 2.525674228886893857e-01 5.481094061623448255e-02 -4.739124510115453326e-01
3.562960794135234810e-01 4.964253765897599369e-01 -1.786605506239195007e-01 -2.846539400752258198e-01 -4.989520113594514417e-01 -2.935951280131368080e-01 1.348865879829330705e-02 -7.583618762961075177e-02
3.339773265297836247e-01 -1.575325828136180384e-01 4.822642835073318590e-01 4.286381566519736896e-02 -4.276755040408055653e-01 1.288419477355251530e-03 -4.655922752059887815e-01 1.989019194065169138e-01
2.463526565291981330e-01 -1.151780438586634814e-01 -8.003638515741695603e-02 4.048745763744979742e-01 7.748128899506245837e-02 3.390724130839541939e-01 -1.366646609345704144e-01 3.134980538903470171e-01
-7.555968858172557034e-02 1.364427837721785552e-01 -7.329280032158380642e-02 4.921345255775759764e-01 -1.491272016499999298e-01 2.444871140062112591e-01 -2.193200749353578782e-01 -2.117618687869282645e-02
-3.220149943029404493e-02 -6.922306163006175517e-02 -1.420647092303273240e-03 2.635354319055762673e-01 3.984622045165475690e-03 1.220509294205101014e-01 1.540269542058547714e-02 -2.575500078487202860e-02
3.239839004217882623e-01 -1.506624967812967286e-01 1.261249407657939470e-01 3.371064207420304548e-02 6.244841785335519813e-02 -2.309205826896527647e-01 -2.964192758571972952e-01 3.040495655145141196e-01
3.315722243971568339e-01 1.058321971988692711e-01 -6.260626899917220989e-02 9.823363523162631505e-02 -2.937164674916900031e-01 1.949838991183662218e-01 2.992278892234612186e-02 3.367918236901262796e-01
1.931501323710964613e-01 -2.480469477580241611e-01 -2.412267902667196706e-01 -4.161872514452841232e-01 3.837111384096674183e-01 -4.874762152421019401e-01 -3.374364375349830913e-01 -4.265618407981324189e-01
-3.633003735176746352e-01 1.497632307302386723e-01 9.260127809755536177e-02 1.305857126020371073e-01 4.892946809704400435e-01 -3.372666228857768012e-02 -1.812766087624130273e-01 -2.724401291233393696e-01
2.430212906728410616e-01 3.971128981392025858e-01 -3.300206033916036619e-01 -3.377320758656932043e-01 8.898342316017304743e-02 2.564060379600257011e-01 -2.833493040508340277e-01 2.170366988233999317e-01
2.974938070242592048e-01 2.640790578822350687e-01 -3.763580672573636487e-01 1.679299566247638431e-02 -1.917818827651566194e-01 -3.607021390937602545e-01 -7.409922663389689745e-03 1.032585807244217335e-01
-4.412075582559843445e-01 -3.018393352312963573e-01 4.586648461669462495e-01 -4.292125438576678276e-01 -3.881588700067674091e-01 -4.553764462540208502e-01 -1.069173427758670636e-01 -2.540957701439239269e-02
-6.321512169373266765e-03 -2.529589104131479971e-01 -3.514472476778651711e-02 -4.146606589763389694e-01 -2.531929200027682736e-01 1.055096258805208187e-01 3.148906736252877758e-01 2.719096733124687360e-01
2.152782939169824994e-01 2.358009564804990355e-01 -3.546184179209905807e-01 -3.634351943963651799e-01 3.350351172019223611e-01 4.017498154223564377e-01 2.789291625291611121e-01 -2.352965939959520414e-01
-4.621238888367558140e-01 2.485681055167723308e-01 -3.416323219437090719e-01 4.586287950382295087e-02 -4.387157791292711773e-01 -4.488958542168750565e-01 1.601307005109378068e-01 -1.887447424141184271e-01
2.998691206316856928e-01 5.291228605498643489e-02 8.730706294412349244e-02 1.286390013501127472e-01 -3.975452542631685571e-02 3.576379431234139039e-01 -4.273884615648049223e-02 2.991481056953728679e-01
-2.248126613927856621e-01 -5.511030909406144929e-02 -2.748544717619770816e-01 -3.662910998022095299e-02 -4.076872568376035399e-01 1.678473505795026188e-01 4.495341394019223280e-01 5.708390477974001342e-02
-2.666354160246885430e-01 5.488430906842478585e-02 4.509183420490004979e-01 -3.376128920944225786e-01 1.172264526768509452e-01 -2.275621132536637115e-01 4.545460190397518918e-01 -1.409667946754724621e-01
-4.439839482216226818e-01 2.355218384014732269e-01 2.737634662386692064e-01 1.087025690178804460e-01 4.925044553207452713e-01 -1.216379883559126629e-01 4.850607992472286689e-01 2.618991842936031489e-01
-4.541615971506803850e-01 -6.201760809604328628e-04 -3.947150048845415871e-01 2.765745382038291567e-01 1.634195430360940726e-02 -1.673567193763267902e-01 3.302990856344271142e-01 -4.340457109405546632e-01
9.281442939791706426e-02 -2.091251829762874603e-02 -1.624358075071213880e-01 9.671625625521396152e-02 -4.857817019601181618e-01 7.455703178490091787e-03 2.908546415552937248e-01 2.096582254033022563e-01
-2.790584278573929877e-01 4.570100100220595429e-01 -4.635662538482957507e-01 2.828139660395985189e-01 8.704393503659146880e-02 3.459163046292681454e-01 -4.083870778813925018e-01 -4.952055413271370110e-01
3.245511479158424972e-01 2.019885208670209042e-01 3.532268457285701047e-01 -2.260622612116788277e-01 -3.036556390661889759e-01 8.380830736798006164e-02 3.720341033734345659e-01 3.127593489116793357e-01
1.340876140563621588e-01 -4.371767111625380897e-01 1.053884718977152746e-01 2.219832608043011968e-01 1.003810039741552806e-01 4.498441859883633986e-01 -8.751888088979320468e-02 2.491645387511580712e-01
2.496092752935396009e-01 -3.542666937630369883e-01 -3.288932871953309522e-02 4.290794375321049792e-02 2.494480964745035001e-01 -2.726106489725769189e-01 -4.130986980658500896e-01 4.515639390727188562e-01
2.698407226977306284e-01 3.259016844589975870e-01 2.619107547039906114e-01 2.811053398168186224e-01 4.359368858597155727e-01 -3.540544778429148831e-01 -2.264836959608236278e-01 -1.852874331507536887e-01
3.171260644380869964e-01 1.952701190272218001e-01 -2.093345476146332151e-01 -1.061737594278918673e-01 -2.966126138404943102e-01 4.809962617759492298e-01 -1.110036382959682655e-01 1.960961636846314526e-01
-1.213467773139742523e-01 -4.651442611042335695e-01 4.104581510408579215e-01 4.673354509719670480e-01 3.540948065910419773e-01 -8.814400748678674624e-02 3.768612792084430341e-01 3.240882692312763158e-01
-4.332824443594834873e-01 1.677576507067759515e-01 3.036236560143201757e-01 2.101698173461671315e-01 -3.522657293487928554e-01 -3.911052893891699966e-01 -2.583990226820653824e-02 8.569154429287562103e-02
-5.238534604506828174e-02 -4.465077487227919750e-02 7.192368598197351748e-02 -3.011148841969509826e-01 -2.033519042104396934e-01 2.452851943526528355e-01 -2.397542857998455901e-01 7.675216927070782624e-02
-2.499439146127762079e-01 1.137092355798730026e-01 -3.713808228215736973e-01 6.505858564071920203e-02 2.499835976064767040e-01 1.647140313010051482e-01 7.398029596906263716e-02 -1.905813375892829731e-01
-8.892223123358800052e-03 -9.732121678108440754e-03 4.227913041986094411e-01 1.316040510435749766e-01 1.827061065807278339e-01 -3.211711933442917832e-02 1.972100379290160355e-01 3.046338073669262458e-01
3.156849763179179202e-01 4.975239962286083228e-01 -2.793703507103885153e-01 4.250661947213326686e-01 4.329766182471712632e-01 2.381589568193488438e-01 -1.722376944364559792e-01 4.401055565499941702e-01
4.807680511683262159e-01 1.738327602861144960e-02 1.184364499168688578e-02 -1.306677757366196957e-01 -2.281260646752125698e-02 3.314732889952025641e-01 -3.948625540388035482e-01 1.362165077464814189e-01
-3.137318470368760659e-01 -2.531577719260104109e-01 -1.478092528545910112e-01 1.899053381432802556e-01 3.893105685623055034e-02 3.308135329306022276e-01 2.897442502503210227e-01 -1.021134051716540148e-01
-3.755169794410379014e-01 3.305959518243094530e-01 -3.343434507288997048e-01 3.008593184640323548e-01 -1.139789773047339416e-02 4.575031478784385985e-01 -4.556855474408738615e-01 -1.056955557056181716e-01
-2.219188059450732942e-01 4.530281136384431973e-01 -4.468389170640385544e-01 -4.843746842832357125e-01 -3.375542908902865458e-01 -1.320747003608893078e-01 -2.077137205644592477e-01 -2.527696657956881587e-01
1.561190863023499409e-01 -4.478156411882416865e-01 3.149343332949228191e-02 3.648187759391097185e-02 1.504164911663908866e-01 4.337109761396390484e-01 -1.382049842889508939e-01 -3.417333976915361005e-01
7.740986019260942541e-02 -1.874160853430948404e-01 4.841016692747833750e-01 -3.451978842310166051e-01 3.758051865574971728e-01 3.671732182065474692e-01 -3.384485317823526795e-02 8.199270561660176870e-02
-3.892043814793514356e-01 2.706833561108531461e-01 2.089660671161072125e-01 2.316880716618651137e-01 1.024163092709868828e-01 -4.593684725058864160e-01 2.818430202904030901e-01 -3.859537871327166636e-01
-3.366711557912407393e-01 2.091159699932618743e-01 7.853213069485365239e-02 2.817381233340191526e-01 1.101780877852489571e-01 6.183510837422989681e-02 1.958525633709644609e-01 -2.488533665164904818e-02
-6.266082640857384423e-02 3.778746571384652420e-01 -3.942099325969783408e-02 -1.364259122793974877e-01 1.229939314908937709e-01 2.575947744082496271e-02 4.165457072006396588e-01 5.495434004259269756e-02
-2.637018890303935992e-01 -3.616052094858538402e-01 2.675161155836688343e-01 7.368072309508633122e-02 -2.353115359770626691e-01 4.341099033498793114e-01 6.580805719448845625e-02 -1.097857610349290969e-01
-5.079212481059258710e-02 -2.403680888802027793e-01 3.320832659137158416e-01 2.221764454159149693e-01 2.433340374347908730e-01 3.671143861633163752e-02 -2.440305985337076766e-02 -2.670409261540641621e-01
2.907739298165280539e-01 -1.776811530987865151e-01 -1.705446069179807900e-01 -3.941364665880728868e-01 4.821600193882288332e-01 2.514823532601204725e-01 -2.591995534580067151e-01 1.188990978357635786e-01
-2.524095323821846648e-01 4.835257528165316510e-01 3.496560619970323636e-01 -2.918235700063406268e-01 -3.120415644966927360e-01 6.359744421847912665e-02 -2.917695408879151797e-01 -1.939827241941700642e-01
-3.240618372200642083e-01 -4.083195830006501881e-01 -2.176663797391049648e-01 -3.001387489181495116e-02 3.986529364296387268e-01 2.294368025533852773e-01 -4.861652563271334770e-01 2.958510977712329737e-01
-9.523012424019039468e-02 -1.347758008144025466e-01 -4.948613407353952276e-01 4.178659639095849698e-02 -4.594152836208491575e-01 3.314773863326457848e-01 -2.841105646493516934e-01 3.721149272912002148e-01
2.003941452120526767e-01 -1.164468291263841548e-01 -2.443391511918746595e-01 3.316195065137325093e-01 4.270333262747934011e-01 2.052572828336838295e-01 4.119271636524159952e-01 -1.644632590782726389e-01
-2.551902565958243940e-01 1.462063558652234585e-01 -1.024382310642314442e-01 1.993961846527358972e-02 2.201740074277184211e-01 -3.882904829674067582e-01 -1.021121066378100073e-01 1.777616637538580457e-01
-4.328854998522235764e-02 2.070540941674678947e-01 3.959125584184326474e-01 -3.171910906215364978e-01 -3.505704083742089416e-01 2.484378877333170976e-01 -3.668594671777388738e-01 -3.345807737488145639e-01
1.716274894162095332e-02 1.325691591910210798e-01 4.225197508836752158e-01 -1.488120811276631983e-01 -2.482704400423234592e-01 -4.892514993965766390e-01 -4.600235154900353951e-01 4.633310427201616788e-01
-2.182678765967505097e-02 1.406936635368377653e-01 8.352961225150967728e-02 -2.336353985562986679e-01 2.984430851265235107e-01 -2.818478449002407293e-01 -1.021218712310298926e-01 3.310499674778810686e-03
4.678766275439060207e-01 -2.327359173720324748e-01 2.478066585761351526e-01 -1.062734402673271017e-01 -1.340516336685391163e-01 -2.060700512425280850e-01 -3.099742523560740093e-01 -3.605948404947235675e-01
-2.186894553769302973e-01 -1.275501787203082715e-01 3.074287908081477783e-01 4.394289373801817389e-01 4.546629592923996377e-01 -3.317200993359377126e-01 -3.832780695797322057e-02 -3.834556912020020691e-01
1.737697627785603771e-01 -3.954262223569757762e-01 -9.652137200825805508e-02 4.054559577150452787e-01 -3.921257344016384483e-01 -7.235539274614144478e-02 -4.093274018994529362e-01 -7.440110132558108713e-02
-2.132061789691158671e-01 1.528685489100432005e-01 1.683950815672323742e-01 -3.779411799113696624e-01 4.163748076109270446e-01 2.815610645627275588e-02 -1.838878563384527265e-02 -1.382656127021313353e-01
1.407257697775298189e-01 4.023484169947028066e-01 2.429910853905005164e-01 2.504633511469129825e-01 3.738757106062693403e-01 1.768030054759636149e-01 8.096285750620157984e-02 -1.156479789177267126e-01
-2.565677154517139735e-01 -4.527209712231239358e-02 2.818300237521700335e-01 4.613879589635305756e-01 2.296156780678904052e-01 -1.663834472659300179e-01 2.915719089452668555e-01 -4.057818607491764373e-01
4.346578090003773154e-01 4.977691368132386440e-01 -3.513640815429869280e-01 1.634986809395547747e-01 -3.893491320563846614e-01 3.792047137396548084e-01 -1.748426429296495721e-01 -3.607649368799751288e-01
-3.900577574255854607e-01 -1.102916514377539903e-01 3.739334555137522331e-01 2.723090136283501383e-02 4.790130896833445506e-01 2.658568481006049478e-01 8.580240833636310072e-02 -3.879297747143253261e-01
6.499177662040811487e-02 -3.404613592477786499e-01 -4.496580291943803598e-01 -2.581314492841092489e-01 3.616991764357451178e-01 -1.018759939296967065e-01 -1.053094383898514064e-01 -4.240249187277522758e-01
-4.153628229195329702e-01 -1.129343449555164636e-02 1.003367781646405943e-01 1.082564300076593877e-02 3.912488317329309018e-01 3.524524439646681273e-02 3.077038744629637668e-01 7.780821137967408596e-03
-7.119486320309886818e-02 2.380251574754909116e-01 1.573451731974686574e-01 1.520967156920967067e-01 -2.872360471521961944e-02 2.614371101542380949e-01 8.604801482241353217e-02 3.160988356644877095e-01
1.540292783731597170e-01 4.751518302967128182e-02 3.411779471696261279e-01 -3.130064361731121902e-01 1.823349426989401278e-01 3.031880612139503661e-02 1.456704046430412625e-01 9.840902088298708605e-02
4.692664298156317138e-01 2.232447451603730704e-01 2.958198397492204368e-01 -4.561773866460461235e-01 2.867738049952599511e-01 4.793159422326543906e-01 -6.555060759859232533e-02 4.673646972927005816e-01
2.655322215574377198e-01 5.358763606261474077e-02 -2.206073943515532987e-01 -4.804082223955161712e-01 -1.735426665779805644e-01 -4.317421699385869394e-01 2.683316475347861108e-01 1.804661779944354283e-01
-1.926801660775794289e-01 4.655940600324718348e-01 4.942629517066644551e-01 -2.313889957262493802e-01 -8.614218134946771688e-02 2.073408323602309311e-01 4.680369635475492007e-01 3.948394207431611402e-01
-4.801736502243727500e-01 1.949980711115865128e-01 1.335050361568670407e-01 2.235237338741907775e-01 -4.412166874296468144e-01 3.384188900800277899e-02 -4.354006538412965588e-01 1.143072152954127674e-01
-3.989881036384669288e-01 2.485557408722065542e-01 -1.492538993453274010e-02 -1.319095464985606814e-01 -2.622022127215396514e-01 6.780113206559112982e-02 -1.923646676566193037e-03 4.859538215715748510e-01
4.689432566132584190e-01 3.794488531781777807e-01 -7.423768989546453145e-02 3.698728123714448701e-01 2.523636726589160162e-01 -3.706979228148875594e-01 -2.395541400946996635e-01 4.428773844993938447e-02
1.360302137923621313e-01 9.183926668999431442e-02 3.021925840121061357e-01 -2.766944571834620836e-01 -4.734163411759347850e-01 -2.193313116944893837e-01 -1.170848760937226452e-01 3.280825869078010104e-01
2.118241828496886248e-01 2.690370700406541360e-01 -1.689232269829022970e-01 7.592900101295096960e-02 4.750309242679519039e-01 2.136645608889656822e-01 -9.566783122070832146e-02 -2.486497169209002100e-01
1.336277791248131619e-01 -2.362606013001610217e-01 -2.731746100633807295e-01 2.719762220991794877e-04 4.528072617761533802e-01 9.805091220147144071e-02 -4.701201945126299853e-01 -3.284996736519143479e-01
3.970448043541005001e-01 1.193249421122053455e-01 -4.815653992416402129e-02 -4.231326641402548550e-01 2.708471743830890288e-01 -6.758912954070572798e-02 1.362164127601983576e-01 -2.486245098743194992e-01
7.838958131113071826e-02 2.583261840100052886e-01 -3.763293467608913589e-01 -2.769192349428735156e-01 1.808206713931731491e-01 3.947167316529054393e-01 -4.883065491657414547e-01 -9.405655221881814576e-02
-8.849966362338979042e-02 8.283166044125578331e-02 2.185652387727545776e-01 -3.570174611854423086e-01 -3.298564303292044197e-01 4.573282359803622077e-01 -3.160465989963295863e-01 2.171714277115766034e-02
4.923118070390680723e-01 2.680699220246519632e-01 -2.526921555260276397e-01 2.839291403831054605e-01 2.015750133522065113e-02 -1.599425321625521645e-01 4.697446619258143219e-01 -2.274830255141897517e-01
1.857147169135842102e-01 -3.560792059699312562e-01 1.127432032120855299e-01 -3.444728034154076468e-02 -4.465831720938500116e-01 -8.879670087862878702e-02 3.957222817043528629e-01 1.447040149361197292e-01
2.924273785884218269e-01 4.430499279466302287e-01 -4.585997639439940432e-01 4.419588626226710337e-01 -1.831601900685718709e-01 -4.924267621034246201e-01 2.992345984777933232e-03 -4.916738955774321296e-01
