-2.366134241294374219e-01 -6.349060331294065218e-02 9.701770281294486153e-02 1.729887216286225549e-01 2.531623169953484132e-01 -4.306294515693116498e-01 4.406885851097711582e-01 -8.704278752484650994e-02
-1.626020938152540340e-01 -3.570969090609450447e-01 2.357068354094589147e-01 3.946908806030019479e-01 -3.229601167705193898e-01 3.241806509484742582e-01 3.908022959360046844e-02 3.387869493912054608e-01
-4.879110285396012214e-01 1.096502168981878800e-01 -2.224053547976236889e-01 -3.268584973120802761e-02 4.827664738613793860e-01 -4.174735020271583830e-01 3.215513469408537439e-01 -1.652419374142599651e-01
1.368510287413460258e-01 4.634991372118550945e-01 -1.034192876494068880e-01 -4.692239317362540962e-01 -1.699434233934069560e-01 -2.413529443534507823e-01 -6.736503763388801413e-02 -4.253106041377999746e-01
2.024261775507348871e-01 -4.924453340265868562e-01 2.426755519804781880e-01 3.423199856941930852e-01 -4.257927623866030187e-01 6.963177998112801692e-02 2.324590064217167962e-01 -2.518148258419639074e-02
2.132777933471819987e-01 1.670723652413197424e-01 -8.483637503380192513e-02 -3.070155048872887926e-01 -1.946740043809704890e-01 3.974688553321575890e-01 -1.237919642870202175e-01 1.385291806455659636e-01
-7.976021543047806528e-02 8.065249668334351085e-02 -8.823525670173248958e-02 -4.364381522205285080e-02 2.612056436653501512e-01 -4.846792670218388333e-01 1.012963580913517347e-03 1.916376091706231133e-01
-2.119961135749458547e-01 -2.656800212535920247e-01 1.529044518240973982e-02 5.128642417136719533e-02 -2.351347614069303482e-01 -1.753339128199106201e-01 4.070643733954133481e-01 -9.199216217750816327e-02
1.363270289228620813e-01 -2.790312397717358284e-01 -1.052847241496305264e-01 2.269412239904261552e-01 -2.656677176397593820e-01 -6.006777070593916079e-02 3.100265023169700429e-01 4.083475453080771533e-01
1.162726421414650435e-02 -2.590986621326273331e-01 -4.265361469912232195e-02 -1.673984216279058579e-01 -4.401131587233543252e-01 -4.484554299392141674e-01 -4.535289523859652450e-01 1.575300717323809829e-01
3.718874734318892150e-01 4.705365481117094184e-01 3.855380652092554872e-02 2.226171746030548571e-01 -3.876946715094553575e-01 4.453381514104121086e-01 -3.880627184186318246e-01 3.693981538196924319e-01
-2.982762082347312216e-01 2.773490414918478031e-01 2.480216737547579209e-01 3.632974333373505393e-01 -4.729603753169991931e-01 -1.438485227191933502e-01 -5.463939001280504471e-03 -3.782905005822283506e-01
4.177990086483275300e-01 1.299974007150821453e-01 -1.988220121423324160e-01 4.249649633593673981e-01 -1.347011657127145101e-01 -2.686004914190454063e-02 4.574403445281479685e-01 3.019086067598406586e-01
-4.170235902409963336e-01 -4.724804554740964502e-01 2.738431932477262132e-01 -1.624680726214953186e-01 2.699021924568361097e-01 -2.355848766858381627e-02 -3.560085027397759116e-01 -2.626725294305136682e-01
-4.731892596110500726e-01 1.302011351683002305e-01 6.946118804591339124e-02 4.684776348479124941e-02 1.121404207163366751e-01 -1.959152630322730237e-01 2.343884950565500169e-02 4.187615650048626126e-02
-1.305314029567741230e-01 3.091879648689940252e-01 -4.229488257958160524e-01 4.506293616837250271e-01 2.073288311360161895e-01 -3.202116421884115827e-01 -2.128794079993912014e-02 -1.725400032031976227e-02
2.160443211375175920e-01 -3.134293587365183376e-01 7.525930311161266317e-02 -8.132926009359664477e-02 4.652071790187697342e-01 1.384670292367463640e-01 -3.800311575462725910e-01 3.190906196290925756e-01
-6.524618320490715995e-02 1.677092119071569298e-01 -4.617099894538545524e-01 -3.724568439200369729e-01 -1.160179221723340870e-01 3.371872183440296489e-01 -3.494501192150616387e-01 6.226096113051360348e-02
3.467769374726699105e-01 -2.677015626738886711e-01 1.411350760681189254e-01 -3.530453456486031261e-01 -2.935396021199855321e-01 -3.932998516189044613e-01 -4.046445431645324664e-01 -6.354402709374074032e-02
2.368629217082994787e-01 4.808705607032324192e-01 -2.985323697032545853e-01 2.411710131898592291e-02 4.126203355773890857e-01 -2.724800848850958968e-01 9.519222991435416503e-02 2.683367428320739823e-01
1.865575938906472997e-01 2.025945560933142264e-01 -6.857665673698709607e-02 4.285225403228558605e-01 -2.417039140963272992e-01 4.969795836291948099e-01 -3.489391439156601660e-01 -2.145015398541615381e-01
-1.992647115389749590e-01 3.703384887906230327e-01 2.657954728285821799e-01 -2.871383192662191330e-01 -3.109740075701861173e-01 -4.332083633302574732e-02 8.818048202032979788e-02 -4.510898957417541766e-01
3.337554491560436043e-01 1.301239082344199938e-01 -1.068131589722941532e-01 2.624958631822152944e-01 1.106933794908466773e-01 3.604492726677211989e-01 2.264251359120026397e-01 1.450265001012044364e-01
3.942178198239938425e-01 -3.117677815859278834e-01 -1.912312696993664352e-01 -3.234836464263755040e-01 -5.893572341670172410e-02 2.720229141051335731e-01 -3.727394229652611912e-01 -3.913025850949714002e-02
-1.548787211181650303e-01 3.039518460053094451e-01 4.796592492296306576e-01 -4.379859559428582738e-01 -3.168221008599693134e-01 -3.965607763274765496e-01 -3.226756843715826717e-01 -4.525497903798885169e-01
-3.473613192246441939e-01 -4.686663757416080767e-01 3.985802558617760338e-01 -4.338889446078941781e-01 -4.060981961450389477e-01 1.143873244230853015e-01 3.710367576120530142e-01 4.467281353530216936e-01
-1.520922716083248361e-01 -3.523579201470239397e-02 2.432584005209773581e-01 4.186246237355092381e-01 -4.204055478319147499e-01 -6.404235933446000839e-02 -2.341564876698736253e-01 9.273708356041165946e-02
-3.972735267920526336e-01 5.868659828983824323e-02 -7.739943346320776740e-02 -3.669826406710845479e-01 1.509884849375940918e-01 -3.840164153634875177e-01 -1.857187968814367762e-01 -2.355558156322310470e-01
3.787667593919695763e-01 5.954771514022716428e-02 4.005876118443176814e-01 2.474062582844727132e-01 4.857521485184363996e-01 -3.789494074888429820e-01 -4.439506889269904111e-01 -4.040531813384720117e-01
2.523475340966917502e-01 3.513172375252743285e-01 -3.529606865238261726e-01 -3.073998796743604434e-02 -7.474110275087908484e-02 1.951982184939541343e-01 2.598997938681621989e-01 -1.160198196310890939e-01
-2.001306208630942995e-01 -4.454410918192952540e-02 -1.490770923068084342e-01 2.867277228799320898e-01 4.265737831765570309e-02 -1.256277192663317610e-01 -4.318568273872932517e-01 1.928753883005295267e-01
4.545323113372734536e-01 1.479345370923180747e-01 3.176494041178290484e-02 -2.718071466092408794e-02 -3.969132959661135773e-01 1.523792809652233515e-01 6.596129021807739523e-02 -1.747068956105758408e-01
2.527765623807671780e-01 -3.630775550872289426e-02 -2.771156300179973275e-01 -2.638069216640873682e-01 -2.397351310331274910e-01 -2.401279404473685153e-01 3.702707326267608012e-01 2.027803201976815517e-01
-2.736451096478131895e-02 3.526401969440395856e-01 -4.320434276975512189e-01 -3.192752861983818580e-01 -4.305775839593904974e-01 1.967903249227134221e-01 4.829751460251319184e-01 2.990209725854569012e-01
-2.259254669249456393e-01 1.555100961463881104e-01 -3.692095400339010514e-01 -2.716440104943611544e-01 2.518955588864517647e-01 1.989412170109422506e-01 -2.949235104218979053e-01 -3.899192821414642074e-01
1.529624648320431213e-01 -4.371683648372414188e-01 -3.490304279586645686e-01 9.765622151828867725e-02 3.622609681839642493e-01 3.492185654364995395e-01 -1.788519059821802593e-03 -8.297536702898045124e-02
2.582758048364582892e-01 -2.328589472044446662e-01 -1.932573791068933344e-01 3.591672129104594990e-01 -2.195536519484437843e-01 1.154560961574521150e-01 1.009761312622934337e-01 -2.869465216441391409e-02
-3.365883570035707040e-01 1.354923510789995955e-01 -4.545786263775719593e-02 3.770212566917171548e-01 -3.784126462695066584e-01 -6.749329920765145818e-02 -4.135410887496943078e-01 -2.008343852121786677e-01
2.369170530288373655e-01 -3.719662714260442149e-01 -4.163360335617628527e-01 -3.187280586630647505e-04 4.554385671675116321e-01 -2.475948871223878633e-01 2.849518705834548360e-01 -4.092490617060737801e-01
-1.608024719675493763e-01 3.202322714351261146e-01 -2.346049514700521144e-02 3.986401169246138743e-01 -1.009260023737795775e-01 4.509943953730569666e-01 -4.653225881518575635e-01 -2.336625861160754880e-01
2.580758327614910419e-01 1.179351276062585718e-01 -4.536979478737613869e-01 -4.353129298676583492e-02 -1.439820422479218820e-01 -4.497587836778458303e-01 1.267328500902583643e-01 1.942542093740986520e-01
-4.562484891246818552e-01 1.382931598259716788e-01 -6.576582686485321627e-02 3.007973389242960538e-01 1.072624145082778924e-02 -5.424520169723601182e-02 4.556091809296297646e-01 1.552352882845877691e-01
-4.760338442820883920e-01 -2.641092941207181521e-01 -1.212884245929968241e-02 -4.115867051727670756e-01 3.981045089214008126e-01 3.640210525706303324e-01 4.387652248756631623e-01 -4.844189382044006287e-03
-4.491022606020237395e-01 1.017828303537583468e-01 4.883127371234016190e-01 -3.036512715241471705e-01 -2.704046951978047453e-01 4.368362099416085442e-01 1.656055233735659327e-01 1.977936234490579315e-01
3.231822995375943641e-03 3.674689229067719110e-01 1.437109690095285108e-01 1.322905876674610459e-01 -7.692461403293460176e-02 -4.750236815348769515e-01 -3.427775931046640467e-01 4.725886722622998359e-01
5.393388633412277144e-02 -7.378774714249625166e-02 2.139209958781267407e-01 -2.275154590428333234e-01 5.363779631626286459e-02 2.564135934262739003e-01 2.258411140908623826e-01 2.093635122008804528e-01
4.585427714083071260e-01 -2.459435920906820616e-01 -3.856323865927415717e-01 -3.301805169293698938e-01 2.222619540927741610e-01 -1.885455880473193568e-01 -4.441968418732081814e-01 -3.330129576277183201e-01
7.235928166822802599e-02 -2.193923627145738520e-01 -2.081279750669423612e-01 -2.683431345802481660e-01 2.372127189607455833e-01 -1.656187232350055938e-01 -2.667304225681453866e-01 1.419099470858620204e-01
3.389489962721199401e-01 -3.297516034634796478e-01 4.297999298628030207e-01 -3.812219913709729013e-01 -1.578303006636950778e-01 4.113924962936275076e-01 2.448450131700041776e-01 2.332825335253777554e-01
3.494603752355789350e-01 -1.673998221586693314e-01 -1.550863182060460144e-01 4.276501071780770546e-01 -3.664232380559913071e-01 -4.845794716274687275e-02 -1.879634949693498314e-01 1.633266603767558056e-01
-2.448997576711551272e-01 -3.679853792546595725e-01 3.341066798782303948e-01 -1.883333988114820334e-01 -3.333383451619017501e-01 -2.053085239640562998e-01 2.665451267047415085e-01 2.646705358912302408e-01
-7.223277382084514198e-02 3.190148910753387579e-01 1.069836835679007780e-01 2.932508631944088506e-01 -1.616524068612157361e-01 -3.679738369465501702e-02 3.284499136817897735e-02 -4.882088231599932548e-01
-1.775850415452362441e-03 4.138887251289549152e-01 -1.167310789448452457e-01 1.641979732859423224e-01 -2.716266001124097995e-01 -3.738288792569224306e-01 3.662589784067241672e-01 3.146717931748457264e-01
-2.431644634899874369e-01 -2.214845578759772060e-02 3.525991831701397183e-01 -4.244454442353196022e-02 -4.845680356818619083e-01 3.123574887548652423e-01 1.723162486036857732e-01 -2.022851082988008642e-02
3.722097528715443415e-01 1.101178219632267252e-01 -4.943889977097515320e-01 1.357663226384816513e-01 -3.038620532879500180e-01 2.253198330969067298e-01 -4.486707216616090399e-01 2.249674717250295108e-01
3.449317722509900319e-01 4.931102357747007003e-01 6.696344998654046865e-02 -2.355600811382358994e-01 -3.873787208227456036e-01 1.987561597732153684e-01 2.828770262755184728e-01 -2.575207836484353363e-01
-2.161099524729448440e-02 3.870486557924900373e-01 8.069088326979878545e-02 -2.024647969794244329e-01 2.811524842813933889e-01 -2.667806901379193851e-01 -2.348731223596908224e-01 1.879225365635861511e-01
-4.803634521384561040e-01 -4.658838875363890963e-01 9.425077746776533427e-02 2.867950648839194816e-01 4.459160796463744747e-01 -1.080665304926915482e-01 1.444619272318568015e-01 2.081388936851570337e-01
-2.122740715998382433e-01 -4.326746437256080435e-01 6.747091951888606332e-03 6.838338989476677732e-02 -4.371647202815792665e-01 -4.531422008737823193e-01 -4.036223578344787510e-01 4.142965528559943156e-01
-1.879049689150426028e-01 -2.892995951388240838e-01 2.253870616041024899e-01 -1.102474120922410927e-01 -4.610784094669959643e-01 2.534028001787599349e-01 -4.349260859839956250e-01 3.619555705579762250e-01
-4.827211287979400467e-01 -2.340428081384776648e-01 -4.919137399543073164e-01 -3.179251060767290804e-01 7.332613402920151735e-02 -1.795526534759600557e-01 3.520980397367148296e-01 2.313620478316126272e-01
-4.821535804697683059e-01 3.803287467770258834e-01 -4.201884518792965428e-01 -3.295303746720332772e-01 -5.903197160295958756e-02 3.528811987308699827e-01 4.708986309091995892e-01 3.446169242812460176e-01
-3.109471187758677813e-01 2.859871883081195332e-01 -2.687995974588461845e-01 -8.035662294392009741e-03 -3.458097843260182769e-01 4.890237781887244450e-01 -2.475217359716403998e-01 3.751911769707014788e-01
-5.117126196099397450e-02 -8.811539665835288471e-02 4.071590626232800547e-01 3.678967747519923392e-01 2.221089433475188502e-01 3.764995396722938814e-01 -2.850706683557292509e-01 -8.955192407172829494e-02
1.552549819365757200e-01 -3.789581225805297438e-01 1.091233465197379848e-01 -4.355800107125579190e-01 1.279462114285782048e-01 3.267470507077442354e-01 3.218681708911247386e-01 1.177207184939745854e-01
2.489017918157110376e-01 -1.951614284562603885e-01 4.498441338528063049e-01 5.199046329032941394e-02 -3.077387021714932391e-01 -4.599700884633969311e-01 -3.621382857934597466e-01 3.512754614477673343e-01
6.314766028075613491e-02 -2.795140125714448143e-01 -7.340484727558027611e-02 -3.803737961662598810e-01 3.462627121823097509e-01 3.227643799551158654e-01 -2.183660623255770927e-01 2.239918452752532874e-01
3.673623726703619807e-01 2.415757583447664114e-02 3.831811957666142465e-01 -4.204849557660872428e-03 1.917222278308374772e-01 3.059552219625549796e-01 4.868664063432692757e-02 -9.432260161810823718e-02
-2.168029025829318890e-01 -3.636400809540831780e-01 -3.092963596987107211e-01 -4.783490422566883948e-01 2.460565453570645600e-01 -1.173449067692177161e-01 2.167665080720612147e-01 -2.972062137179222185e-01
-3.533902023524706504e-01 -3.237987907862232007e-01 -1.644876695113518528e-01 -1.402352984337921216e-01 -2.425044941507752405e-01 -3.065874779007936590e-01 4.854840555445579797e-01 1.573599883841876323e-01
-3.211416011249025315e-01 -4.553207545144284385e-01 -3.119897240100200086e-02 4.913477433363213631e-01 -2.097533477047964778e-01 -4.494448815014392418e-01 2.009441857372188389e-01 -4.468070485647444023e-01
-4.727295162476373713e-01 -1.498622377645394410e-01 -2.885715113076186000e-01 3.862777732754200111e-01 -1.464628452080632970e-01 -4.978914562380009068e-01 3.591329360791438718e-01 -1.470835734709796672e-01
-2.979547472833748989e-01 7.401579896232979294e-02 -1.867540474934361594e-01 4.659300614256123296e-01 3.078412028298190828e-01 4.463185156903255457e-01 9.876097475645095880e-02 -4.611531921759515207e-01
1.154470021483473552e-01 3.977200304068999603e-01 8.497896289905437772e-02 2.335590101729451140e-01 2.268612730575366720e-01 -2.105174553764276313e-01 -4.326954587164435484e-01 -2.328107209703480507e-01
2.543221676653772967e-02 2.921708997220827664e-01 -3.099994807712954659e-01 -1.693697470434328833e-01 1.483864310041664858e-01 -4.732532561473788979e-01 3.899011862601062806e-01 -6.693180024218536861e-02
-3.249875315783862240e-01 3.158061187501466360e-01 4.695239191752753616e-01 4.002124281259330507e-01 -4.789124933979882481e-01 3.676104759712678360e-01 3.633344355732140984e-01 -1.911250265216708488e-01
3.727096388829351792e-01 -1.054604899317936884e-01 -1.679895170762147893e-01 -3.922611229332819693e-01 -4.943998076072786407e-01 3.609313673657496002e-01 3.451335916228264189e-01 -3.919343899924280228e-01
-4.740002004262330315e-01 1.426075563664993551e-01 -4.971694548264273816e-01 -3.711884234473336042e-01 -1.967386145024531130e-01 3.794192605939631369e-01 -1.707258300151703878e-02 3.871448017379196527e-01
-4.858113236800783996e-01 -3.767800429266054962e-03 -1.310907496413096229e-01 -1.054579447213593868e-01 2.037470045443390276e-01 -2.438125330567514348e-01 -3.208456294060343383e-01 -4.767924712664250997e-01
-3.919231029147173251e-01 1.708504212106722875e-01 3.062994029357851700e-01 2.740329142162585274e-01 -1.689305718495323072e-01 2.282346268152891655e-01 4.739461838019877193e-01 -1.994835138810594488e-01
-1.632969974408822189e-01 4.108172977151859362e-01 3.997020983814933981e-01 -1.228234590758817690e-01 4.541210365754739797e-01 2.069605539126119220e-01 1.967521211459960506e-01 2.353186537836338132e-03
-4.608777289328190863e-01 4.930870463301795237e-01 -3.360434599625796714e-01 2.704385554455763785e-01 1.786483048374905014e-01 -2.318034939591961940e-02 6.318685550939373563e-02 -2.657581597501514903e-01
-9.232277223660689813e-02 3.531780568018239030e-02 -2.231364641259194759e-01 3.574443178192286963e-01 9.049073162270104831e-02 -1.220779964613084578e-01 5.957999203041974834e-02 1.738262557558110100e-01
4.091653530802532579e-01 -1.654474025173319207e-01 5.540786856589974274e-02 1.331728530842068992e-01 -3.225141052619343585e-01 -4.196670626086025369e-01 4.797639784467688795e-01 4.582855755742588633e-01
-3.480118764987645275e-01 3.534298874732321183e-01 4.845582651757226467e-01 -2.492919001602252882e-01 -3.498426270524513937e-01 -3.326361912012618660e-01 -2.411072810678215328e-01 -3.835981161152547392e-01
4.662209622284796406e-02 -1.488935908915884898e-01 -3.265066376497000045e-01 -3.075769013032744192e-01 -1.543843585751234482e-01 -1.771207697915830881e-01 2.671574205736864105e-01 3.143399642600064325e-01
-4.002579926364169260e-02 2.795295640728445719e-02 4.025984277790235488e-01 4.838542089878731245e-01 -3.940700324114240205e-01 3.682334379407026237e-02 -2.112315731635844296e-01 3.022580527318432519e-01
2.122012495624913120e-01 -3.232840266799985596e-01 1.523324507289089969e-01 4.204431286936757273e-01 2.508441657191956553e-01 -2.125411768855988148e-01 1.733744439231853507e-01 -1.284896872302635495e-01
-2.671029663267594501e-01 -3.593582993514815582e-01 3.204731021611484376e-01 -9.607739221873456970e-02 2.726036566939674666e-01 3.387518176790897950e-01 3.089022878745205647e-01 2.680517087390065223e-01
3.434742254167956199e-01 3.151508518640633305e-02 1.301232426045798585e-01 -3.594733717215756741e-01 -1.667454315487325589e-01 -7.888499627118594759e-02 2.232101965336171778e-01 4.632876856438439273e-01
-3.293575090114443382e-01 1.441754439092379769e-02 -3.000218563269977379e-01 -4.644267169625211356e-01 8.586559056020426350e-02 -4.448919682033696255e-01 -5.502012239391285142e-03 -4.190800403129097962e-01
3.643884564599408904e-03 1.189718203516639816e-01 1.233720654101310155e-01 1.023675488174123904e-01 4.220030721956476993e-01 -4.830657665014733704e-01 -2.351824083206689453e-01 4.921412664585370633e-01
-3.758717732505492126e-01 2.469961929572070947e-01 -7.145705143406222426e-02 2.615707007120310346e-01 -4.640190734368141445e-01 8.572776571783369270e-02 1.095007671599658172e-01 1.098611168135110727e-01
7.855930346083783711e-03 -3.883676131710935842e-01 -4.084703054658356258e-03 1.332764353058485396e-01 2.182756315145127912e-01 -4.689347117398032783e-01 1.660028379346421001e-01 1.239464771388154585e-02
-3.600631582254429919e-01 3.756106583826503975e-01 1.220015806083135645e-01 3.391776951169328536e-01 3.225527659058102792e-01 7.863435249316197417e-02 2.091040620384447823e-01 4.841916036897170317e-01
4.997028282363287222e-01 3.306930276675479341e-01 3.762623731815825101e-01 -3.361296604015184819e-01 -1.534459723435255274e-02 2.274039532718069578e-01 4.897822441491574974e-01 -2.242154141139482970e-01
1.103733162982714067e-01 -3.417510125407802191e-01 -3.756962453824236325e-01 3.250481387720438597e-01 4.004120045235447511e-01 1.836908273072200837e-01 1.208264076904121964e-01 3.961972721529827268e-02
2.463430304338937171e-01 -3.655022254840154527e-01 -3.481232339424771283e-01 -2.034237438782127150e-01 -2.108893865095917697e-01 4.974467904793694606e-01 -2.037287059846405457e-01 3.522226297403056039e-01
2.736931085373289774e-01 -4.484484124016613338e-01 -4.381615472801019262e-01 4.067535006598629321e-01 -2.873251702269006280e-01 3.819560392102741009e-01 -3.659123364430554304e-01 4.588815754962300986e-01
1.146341682015954433e-01 3.829308509289031104e-02 -3.372064762109207026e-01 -1.289444967816043564e-01 -3.199302063918596506e-01 3.765400066614540409e-01 4.385080876218319101e-01 6.576795490519593557e-02
