-2.589975330659197716e-01 9.623381366087047084e-02 -3.561021138798690089e-01 -8.294036335216159461e-02 -3.227159999653782529e-01 -1.446386499603063980e-01 -4.806184979286841630e-01 -1.513462519623968161e-01
-3.367512765402477237e-01 4.640629401466676018e-01 -8.013583312948491244e-02 4.907636037212532720e-01 -2.686887467292228271e-01 5.838034622305210419e-02 1.941301001719899499e-01 -2.624274390174491378e-01
-2.314185427093125025e-01 1.850683716722517635e-01 -1.758713909708184975e-01 1.920320939134474436e-01 -2.080722620142263501e-01 -3.208573133854657478e-01 -4.924154571624372867e-01 -1.118522153499813543e-01
-4.763542190137811660e-01 -2.048296299468410631e-02 -9.086127140379207656e-02 -4.350848442339229072e-01 2.347968464802582256e-01 -4.925918688938696333e-01 -2.841776244026530396e-01 -1.989997153309458477e-01
3.934652819127683054e-01 1.697025421882860652e-01 1.532613840496213076e-01 4.254119756882929204e-01 -4.149600760004350519e-01 1.900623147943800717e-01 -1.390879994574943934e-01 4.893637795124594625e-02
2.505696788390932017e-01 2.988541836066795909e-01 -1.162591697468439156e-01 4.454849658362616260e-01 -4.412472582482567240e-01 -4.833961742328234390e-01 2.557317968616702464e-01 4.258224418621520124e-01
-1.255348628240171571e-03 -2.311395746760536163e-01 4.766835542219257649e-01 -3.875436992973216865e-01 3.047725162247247876e-01 9.869357560761971015e-02 1.318654990686823902e-01 -2.890769313540108021e-01
-2.347809318269457046e-01 1.776192676785364188e-01 -4.779043000053486701e-01 -5.234589892274021938e-02 -1.913969702697304598e-03 -9.534942808113733292e-02 1.824573960865929489e-01 -1.736642263883259041e-02
3.313874351226516746e-01 2.975289382004941974e-01 2.340239426997008376e-01 -4.638397002364855748e-01 3.890793608149935023e-01 -4.991282118909713406e-01 4.926962533470317096e-01 2.187291835435352105e-01
4.710563292009170011e-01 7.022078257375341526e-02 -2.386693732795049927e-01 -4.319968597608435656e-01 -1.687999643801333383e-01 -3.979178551218147675e-01 1.451471206785672763e-01 9.385325603178129583e-02
-4.868258349495010462e-01 4.411643379195160364e-01 1.584195259629910257e-01 -2.611242139326048761e-01 -7.727460475023484321e-03 3.828361273125235886e-01 -1.087213154726180964e-01 -3.910506241850268960e-01
-4.521652997685233766e-01 -1.435039998470055700e-03 4.515215098653102554e-02 5.353046933109095740e-02 -3.438399230908684157e-01 -2.591327268369761905e-01 2.869504566110611110e-01 -4.929082772344320906e-01
-8.399388763750348375e-03 4.892897419988435637e-01 1.701221498012480682e-01 4.958149609759943122e-01 3.571456007563200696e-01 -4.126316635191893401e-01 4.978682662313940188e-01 2.211296257643173835e-01
9.323017020602075711e-02 1.929299614324410106e-01 -2.254614228346230043e-01 4.374518954223890477e-01 3.032421659628170563e-02 4.040249885116262707e-01 3.349766020056353932e-01 -3.116498735456485480e-01
4.361532705550574818e-01 1.303921541417391028e-01 -5.330939839071424657e-02 3.861241881656903852e-01 -3.539569847745288600e-01 3.453312170986700957e-01 -3.020345401913475669e-01 -2.167094412604153586e-01
3.658184622455317170e-01 4.676591579717019886e-01 4.447961078220459274e-01 1.411010414684981118e-01 1.923643225513546051e-01 -1.447246986508469169e-01 4.903560791113520390e-01 3.027333261043723134e-01
1.462558439314987080e-02 -3.858638220836082544e-01 -1.973200413354507798e-01 -2.531020826335116380e-01 -3.684296845125968334e-01 4.709690975716683825e-01 -1.419560322267388042e-02 4.484213535494705472e-01
-2.731059863962136403e-01 4.699093966176624004e-01 4.443738285524106990e-01 3.611540335090878129e-01 -1.166295252985762865e-01 1.859633648735967704e-01 -4.941680771324150623e-01 -2.433594648252550563e-01
4.509563965707500399e-01 -3.581022240999531814e-02 -3.701048426536202030e-02 -1.163799701144013765e-01 2.035737331152228657e-01 -2.742445930015169342e-01 3.797184685639548585e-01 -3.785099355510641583e-01
1.083375278813591969e-01 2.712085396688974637e-01 1.830069548350453656e-01 -2.364835709719707024e-01 6.160992119520281030e-02 -9.430850826566994360e-02 -6.651702628355038449e-02 4.903772467166025439e-01
-4.876940601620191051e-01 -2.749914654121566882e-01 7.653734908343756693e-02 -4.088426741997498448e-01 4.755410093010051797e-01 -4.249563926685645532e-01 3.045329339879162545e-01 4.013738135331306189e-01
-1.115507949946209498e-01 -4.880249380204825238e-01 -2.127388636177489634e-01 1.827204318542101635e-01 2.891345741443338557e-01 -2.183198674051376464e-01 2.865411266022998005e-01 3.408935463760186524e-01
-3.908892316663877819e-01 -3.578308498376729929e-01 -1.526719357140660094e-01 -1.557887140492574263e-01 2.315830420330194928e-01 5.376421425734323467e-02 1.268064619863017439e-01 -4.914181146181519910e-01
-2.082413656440716965e-01 -1.063686113481356887e-01 2.074696715008444992e-01 1.788949366797072393e-01 4.429830325229776600e-01 -4.878739445032025390e-01 1.118632384143669611e-02 2.262469987640951530e-01
-4.627791446391128494e-01 2.481880948722900992e-01 -4.518977227356897330e-01 2.572998919686988462e-01 1.550469204302973303e-01 1.560977431124054293e-01 -2.740620644976943243e-01 2.606115458452489264e-01
-2.635430932352664790e-01 8.730126004051397270e-02 2.981757138735985357e-02 4.188303893377676168e-02 -4.303415073221537046e-01 -2.559472947954035682e-01 3.504082069280611833e-01 4.568770389640550711e-01
-3.158441427397854495e-01 -3.072295843207695221e-02 -7.518754150501671951e-02 2.208423188089952971e-01 -1.442487556370674051e-01 -1.307222781419903335e-01 1.434521798463614939e-01 -1.805356124681836150e-01
-9.606856301516586427e-03 4.444425745966552599e-01 -3.773560943814092683e-01 -4.344943677907152635e-01 -4.399923733117846458e-01 -1.212950664956108371e-01 -4.144871781343573147e-01 -1.899365050333483573e-01
4.300900628273455206e-01 -4.635231518442274323e-01 -9.192853600177663953e-02 -4.569432991897618423e-01 4.792027109207823710e-01 -4.669390316551585984e-01 -1.594221077785009655e-01 -2.027396642274993388e-01
-4.326100134062076386e-01 2.602660554147719907e-01 -9.026149977799469148e-02 -4.730218384141915422e-02 -3.965858131146954291e-01 -1.573031557249466861e-01 -9.446691196086065556e-02 -2.358794975820361906e-01
2.578689176537590777e-01 -3.355476710456004596e-01 -3.620867520403514561e-02 9.657656135657899377e-02 3.593702049151294986e-01 2.054599658259481654e-01 -3.216016581382282746e-01 2.066967220436877195e-01
4.793435695911005823e-01 -9.755946543851290453e-02 -4.316530990522465805e-01 4.196358747614341578e-01 4.243868529347771812e-04 3.266025404628245532e-01 -2.355313356098188704e-01 -9.508050561833791825e-02
-3.747674706027983582e-01 -3.442029350326991644e-01 4.004128197738399120e-02 1.507915788867979501e-01 -1.853955823354149768e-01 -1.151551077139497670e-01 -1.562786843499720524e-01 -2.861348420303454487e-01
3.502267507620203668e-01 4.321007503898157687e-01 -2.197059683915387751e-01 2.168438653541804317e-02 9.131886712138603812e-03 -3.636684347791364624e-01 1.828976018195208608e-01 3.411850170981001185e-02
-1.642113190897362962e-01 -3.022254641386564744e-01 5.127834386990015592e-02 -1.193210764897658649e-01 -4.509943286343047752e-01 1.897812957304829684e-01 4.716651669605144148e-01 2.307210968707491539e-01
3.159420967587529550e-01 2.573254865703230587e-01 2.450600751496495588e-01 1.429821284422609917e-01 -2.834767500482383573e-01 1.027204896483664420e-01 1.907709798465065942e-01 -5.499209090451784299e-02
-4.260740056539868981e-01 -1.116722426227613196e-01 4.461391476108842458e-01 1.894778817036322227e-01 3.166594518995050622e-01 -4.489931085685822110e-01 -1.644306270151940641e-02 8.721431006441959788e-02
-2.007210090990031448e-01 4.458250533106463687e-01 -4.378414950546395401e-01 1.753759909129937178e-01 -3.763796818478225559e-01 -1.988875552256519352e-01 3.226902168766923040e-01 -5.657751257821119761e-02
-4.455877993663758252e-01 4.796176031361100156e-01 -1.610902501409500198e-01 1.594850815909285568e-01 2.159394813258803669e-01 -4.828608692714883022e-01 2.459595713258677652e-02 4.690219374461309654e-01
-1.208063680861292122e-01 -1.527857295135814919e-01 1.625560461823088998e-01 -1.772648826743281614e-01 -2.548753953006462902e-01 -1.071108478053999224e-01 -1.927401106206422243e-01 4.774199854985593516e-01
-1.708507355795130245e-01 -3.796631160770944646e-01 -1.475266252030802416e-01 -1.806575263535989961e-01 -5.167772323590069661e-02 -1.646016140855484089e-01 -8.362201758068887880e-02 -2.516584956249180438e-01
-1.062855584685077348e-01 -3.684259121310938800e-01 1.620567409305663231e-01 3.375321799907878839e-01 -2.669575408276563255e-01 6.562832107914406965e-02 5.285353424741467965e-02 8.087396905997623620e-02
-3.206654757042799453e-01 -4.832753030806371530e-01 -2.874942636878939917e-01 1.714834495365397116e-01 1.535230319441203140e-01 -2.991426674703567823e-01 2.172001921379655975e-01 2.452508937054397320e-01
4.647345306270528331e-01 -3.600901917488420478e-01 4.251848511878175696e-01 -4.906209785534387802e-01 -1.307697097531833608e-01 -2.875753801111533559e-01 4.110368044322156855e-01 1.967785388673792824e-02
3.619018447414336093e-01 2.867896302192324276e-01 -3.464969363798813262e-01 2.142418065145450523e-01 2.082186480074628143e-01 3.762875639476896961e-01 -1.761060212623318799e-01 -3.704991746104880912e-01
-4.180157188010373837e-01 3.160140392511289198e-01 1.002556797392827326e-01 1.777958674886603863e-02 3.285784272575360543e-01 -2.746944828472087652e-01 3.651278703579617924e-01 -3.073189331027046389e-01
2.143989671935379038e-01 2.924871445529153569e-01 -9.591561284794358766e-02 4.731004073913225305e-02 4.591213139570421431e-01 -9.630317691973033778e-02 1.054064060067935182e-01 -2.228032891783442437e-01
2.818625418165501273e-01 2.158453212788600251e-01 4.419826606182968298e-01 -3.829135233735397881e-01 -2.644210752663816999e-01 -3.258247023793571229e-01 -2.185047743847678969e-02 1.550315184108177480e-01
2.758573864181569357e-01 -4.421781575850214363e-02 1.960769352272474508e-01 -1.957589946094850930e-03 6.340616183549119267e-02 -3.029631151320872906e-01 7.218205247457065710e-02 2.212790574360455897e-01
-4.817353917337692248e-01 3.398722852216903290e-01 -4.792939127399642452e-02 6.650579625489061453e-02 -4.166879189122670857e-01 -2.737323182487180206e-01 1.150473952256592103e-01 8.151509543600010677e-02
3.985383665992030533e-01 -1.951376186473225971e-01 4.484048469650117053e-01 -1.576841201318647245e-01 1.895109477337023618e-01 -4.168934011775220494e-01 2.534731037147852639e-03 -3.040463443106299346e-01
2.526803544486093678e-01 -4.513617058001140325e-02 1.471872906298739014e-01 4.343705726921904819e-01 2.067105976252923139e-01 3.415035140046999151e-01 -3.306616931165551332e-01 -4.943926031840386592e-01
-1.519406390368229776e-01 2.780478104440321507e-01 -2.282151999364782080e-01 -5.435074006871376540e-02 -4.707165649686378961e-01 -7.511360953446621913e-03 2.394809051926927168e-02 2.888504622678582656e-01
2.795375589037190078e-01 -4.699752565750450195e-01 4.947126674990993678e-01 4.237788721778660284e-01 5.035263216587992918e-02 -2.605728875551271972e-01 4.150334137309150684e-01 -2.639359141644118667e-01
4.630559560643828787e-01 8.639447569249381065e-02 2.773506232762589230e-01 3.535914664672157315e-02 1.590587228230276873e-01 3.539321712289500432e-02 4.870470321790322243e-01 4.465443348201575402e-01
-4.971891477394722036e-01 -3.830717690240794671e-01 -2.444253677296442939e-01 7.534780930946294308e-02 -3.738763243749126941e-01 1.412768369394028500e-01 1.974331898331249668e-01 -2.578194211190087959e-02
-4.928266143117869813e-01 1.339714532713812689e-01 1.269822422401156725e-01 -3.043042086601551732e-01 2.838183200565397302e-01 -4.750775099328030660e-02 2.560317732371222288e-01 -1.915460418796024467e-01
4.432143897434093205e-01 4.762521944291199238e-01 9.485918562486972405e-02 -2.838650675232257115e-02 2.999845828189073860e-01 3.275406080423965971e-01 -6.780990770706230020e-02 -1.758361704260484881e-01
-4.724333771146139727e-01 -4.042830934233140328e-01 -2.424105475921441988e-01 2.357633996224732797e-01 -2.161749828254793115e-01 2.835957741670489529e-01 -6.886707841049066747e-02 1.521383449531877874e-01
-4.645944990831072374e-01 1.245360772882930789e-01 1.869023308086086299e-01 2.851232484097336872e-01 8.784729196565654874e-02 8.205397012350379438e-02 4.248401046685031934e-01 1.899910513424538649e-01
-3.797345606632055448e-01 2.541510072003509979e-01 -2.724686981212683934e-01 -4.134575626906377144e-01 3.274133117475255261e-01 -3.694075766100531899e-01 2.804190230896912439e-01 -3.025381580324982833e-01
-1.778652525767132619e-02 -3.002677664728320428e-01 -1.526038494167734072e-01 -1.910705174075709722e-01 2.759859596590301667e-01 -4.973448497439185711e-01 -3.911676135201140880e-01 -2.419587035875742087e-01
-2.004991566661881164e-01 4.465482355874152987e-01 -3.549800194894771055e-01 4.837244299297207561e-01 9.472822202148944992e-02 -2.522610700774094994e-01 3.460387366753336913e-02 3.778446035194988895e-01
2.728792032074952578e-01 -3.213983306037426768e-02 -3.725747448391600880e-01 -3.505871003956771981e-01 3.566561801341484594e-01 -4.078998219011898962e-01 -8.292579179978332160e-02 1.006081837279063640e-01
-3.682870877869340864e-01 2.440989004610770730e-01 2.267376418161420881e-01 -4.505296640253987350e-01 1.940511669679778617e-01 4.367047587082728555e-02 -4.461251613779338987e-01 -1.845195100221479478e-01
1.416277905476891474e-01 -1.578524953761911709e-01 -4.404368396065859725e-01 -4.979890566929491280e-01 -4.001112754283574491e-01 2.263290986413498684e-01 -4.981258894299985807e-01 3.982623486793842593e-01
-2.977531489691137567e-01 1.429600535403423578e-01 4.393712021773459320e-01 4.831529726753096554e-01 3.839269062297512303e-02 -9.959327513776705665e-02 -5.553394263473565573e-02 3.191215221561858328e-01
-2.002985035194209118e-01 3.227919315889851148e-01 -2.393321505633343449e-01 -4.978950212314768864e-01 4.239208070118593019e-01 -4.592815449531646443e-01 -2.626691493291858359e-01 3.994778575667786713e-01
-9.147353911730105036e-02 3.275585042871224095e-01 -1.511295569350202816e-01 -3.624421480849415733e-01 4.191210502959283879e-01 7.583005323203650949e-02 -1.954303883063157610e-02 5.749219017947193588e-02
4.430502228455758251e-01 1.405530670778599722e-01 4.519917467859009275e-01 4.544789431663704971e-01 2.397738185052449289e-01 5.363660998482611131e-02 3.225143106729666531e-02 -3.702999209967787753e-01
3.107230563152372227e-01 1.411014817074975891e-01 2.457912337465610886e-01 3.278551493634562775e-01 -2.883039121911364910e-01 -1.875099261536758988e-01 1.942999088567944899e-01 -1.473953313390561348e-01
-8.900330599236472295e-02 3.599783474602307187e-01 3.117506830861015432e-01 3.907063687341135738e-01 1.182230958489407513e-01 2.307219716233841478e-01 2.978679829603486651e-01 4.727699301735467374e-01
-4.641787975733340232e-01 -2.062082154012723212e-01 4.820884649519308063e-01 1.153326099758990031e-01 -4.195467318525852862e-01 3.091644012561597377e-01 3.003264744668143749e-01 -7.247246364800963292e-02
2.015961322533010858e-03 -3.617211772067443487e-01 4.231416054947977345e-01 4.452047565021789444e-01 9.974903683675173660e-02 -2.110989321986673772e-01 -8.695680961869689529e-02 2.868141310650009768e-01
-3.600439061617436431e-01 -2.016354111200535648e-02 3.882401837260276434e-01 -1.346875922806356485e-03 2.921462341083653769e-01 -4.321272242348299653e-01 1.072400994347577630e-02 2.908273531274713219e-01
-4.480833560493158174e-02 -3.306673750512728605e-01 -2.514843497616652268e-01 5.844910657735946646e-02 4.481800475788944027e-01 1.860214629976020273e-02 -4.502075741463883451e-01 -1.443901614496923003e-01
-2.178147230935625345e-01 2.151427619455376083e-01 6.568943803992510766e-02 -3.677524403342424808e-02 -2.809907091336755203e-01 1.921576714550635723e-01 -3.666178593306146372e-01 3.008392755370040694e-01
-6.337293504831620350e-02 1.008215779627918973e-01 -4.263164825813484660e-01 -1.674706348585364157e-01 -3.374394403683833588e-02 4.190326137430812059e-01 9.333561381786548150e-02 -2.372337928344928626e-01
4.352093430966067489e-01 1.404375275327569561e-01 2.808302787094399955e-01 4.283348532346914483e-01 2.532215136271491751e-01 -1.476498829034870175e-01 4.720326150785435493e-01 -4.747491448377169077e-01
1.123715295087394095e-01 4.816416719901468468e-01 4.318404882668001044e-01 3.575417256857760240e-02 -8.873398032150447978e-02 -9.535246672163211201e-03 3.746508632476698297e-01 -4.275675777657309551e-01
1.503136832154731151e-01 3.110034975078147523e-01 -2.092521258674714391e-01 -2.121274512827012737e-01 -3.013087195289365638e-04 -2.374656695773265103e-01 4.665156598284389000e-01 4.589212279052714560e-01
3.727222706028765487e-02 -1.163731872161355430e-01 2.238861859384002617e-01 4.975801462641620265e-01 -3.617097313571545625e-01 -3.114497982294838208e-01 -4.058458484265791144e-01 -1.747779459023802717e-01
2.203492877047863452e-02 2.126486207580475796e-01 2.879752062230904741e-01 4.434896861809123347e-01 -2.114885762031791794e-01 -1.886340731457509801e-01 1.818592434643445666e-01 3.519113057719835957e-01
3.787374965513889968e-01 1.954520109373150127e-01 -7.591882499345303792e-02 -5.912787398442809206e-02 -3.880951780582936328e-01 -3.239647952866825387e-01 -4.016281895594455698e-01 -6.110239345062262739e-02
6.143070741931333512e-02 -1.123172414924050733e-01 6.291417353355033271e-03 -1.428646868512405410e-01 4.276167924580268620e-01 -2.615601566620727736e-01 -4.659188478470748240e-01 4.209577598985869695e-02
-3.301995522088289059e-01 2.263421257944697729e-02 3.192168368809014112e-01 -1.450815618374399207e-01 -1.659683925731449960e-01 1.519829071006580934e-01 4.108077775705105683e-01 1.857827900453354886e-01
-4.406785908195895995e-01 -3.942834364722326290e-01 -1.024450907329166327e-02 4.316643412191557561e-01 1.070411423946088236e-01 3.746215019521814682e-02 5.774021669704332282e-02 2.640728616856857780e-02
-1.625073291436327505e-01 1.413420318924039076e-01 -4.540095153470372624e-01 1.741180954258546576e-01 -3.066567678354559234e-01 1.222438448321411242e-01 4.925153070851819859e-01 -7.759004269568325896e-02
-3.856155133396627077e-01 -2.516214728304576598e-01 3.431267351110238728e-01 -3.675153727948795579e-01 3.587367774311333024e-01 9.323107008068509671e-02 -3.943296784457173132e-02 -2.636672368611469031e-01
-2.765081244986633546e-02 -4.134460737878925540e-01 7.528218313794454719e-02 1.026533972668123296e-01 2.639589889954188084e-01 -2.175559249563256969e-01 -5.594020213084760496e-02 -3.687540363187910009e-01
-1.227245620935291104e-01 4.618648412379173784e-01 1.040267668355965291e-01 1.351142219506340503e-01 -3.590982363483394835e-01 -1.346462676363724409e-02 2.256311969752499147e-01 2.621979191721010016e-01
3.223999603563159067e-01 9.602389777618725031e-02 -2.682543394591693220e-01 1.346341079737114477e-01 8.931031162287594860e-02 2.915468932621144704e-01 -1.833555099630588270e-01 1.237820957745220385e-01
-4.902273642150307698e-01 -4.763452719705206784e-01 -3.960135694618407420e-01 3.577653003599410297e-01 3.079823961622208950e-01 4.567571802422755178e-01 5.048042517360562531e-02 -1.584562560545605958e-01
-2.107411035698525392e-02 4.218598233049503099e-01 4.052375988398617679e-01 -9.427765491489492611e-02 2.170993463855060979e-01 3.478751046091953514e-01 -3.085134100962627635e-02 -1.485352311218046673e-03
2.988326079230296806e-02 -3.062717189078589808e-02 -3.645125131332769275e-01 -3.835709615262054006e-01 1.790707039041209425e-01 -8.272571461642364010e-02 3.739104544551208331e-01 3.541325275448303778e-01
-1.884591937482567037e-01 -5.082930885501479867e-02 -3.886308613015163616e-01 -3.876831666837202706e-01 3.353562768419415807e-01 -3.639697758214051060e-01 -4.974985342891861118e-01 4.358367889727848832e-01
4.233160023187854115e-02 9.411797309437530679e-02 -2.527016183073866884e-01 2.160887196051792802e-01 -3.184822433586087520e-01 2.898056868757105109e-01 -6.186605866626226913e-03 -3.217100728112208818e-01
-1.698864089217040352e-01 4.475542828272619511e-01 1.795948006418580656e-01 4.434057106871430731e-01 3.558468584671494739e-01 -2.033630441919688225e-01 -4.730017180528141019e-01 -3.556602917721282120e-01
-2.633539731275524876e-02 4.826137903477139002e-01 1.730797774992047788e-01 2.244467097604814221e-01 -1.144475418436214920e-01 -1.308540332709329235e-03 -3.726932676224851138e-01 -1.604080534378570233e-01
6.640650037593531785e-02 2.634700630137547517e-01 -3.573201422957807960e-01 -3.011477277758557447e-01 -2.887502963929936550e-01 4.914016983764669666e-01 -2.416941078817549382e-01 -1.898713448885127608e-01
