-1.998272581991706320e-01 -7.399399080539770246e-03 2.463748087652264940e-01 -1.246741143064646895e-01 -1.286834486372823161e-02 -1.195843398795348733e-02 -2.778651887826627531e-02 1.172443804010428470e-01
1.687183253100048019e-01 -1.771757056860668866e-01 1.173524449168572570e-02 -9.998379565980730632e-02 2.021844441911861412e-01 -8.700761455533584376e-02 8.677491741089016219e-02 8.498435679268889764e-03
-8.948581760417884112e-02 -1.147968726438979847e-01 -2.165913366125397643e-01 3.364757509276739000e-02 1.115299431269182184e-01 1.334285957798674871e-01 -1.658696503746783790e-01 -1.271803977297769062e-01
-1.963003677261565549e-02 -1.575872239607393199e-01 -1.467911278956413046e-02 -1.498532240512565061e-01 6.788807315764688877e-02 -1.148360423860078083e-01 -9.228602941179459007e-02 -7.083199783625609980e-02
2.353601258585586442e-01 -1.602157434743811670e-01 -6.486981134627572976e-02 -1.182976929965094404e-01 -3.177246720043097605e-02 -2.228752518217053669e-01 2.033245124408823434e-01 -1.688012562911938019e-01
2.269979574451424509e-01 1.377172778055607005e-01 -1.864892528887925893e-01 -5.332479826147618063e-02 -1.207066424350528022e-02 3.539857882113395249e-02 -2.201079389104554918e-01 4.968042251285514910e-02
-2.349960608147649843e-02 -4.322736462358289788e-02 1.574838681458090583e-02 1.087176710014039482e-01 1.994763718109288098e-01 2.082723240200975434e-01 4.351332229824383946e-02 -2.497861235563602622e-01
9.685293165927422177e-03 -1.399069919566451881e-01 2.163485857128015222e-01 1.684152707685813710e-01 5.102221480735941173e-02 -6.168652980536298847e-02 -3.709888815584372335e-02 -6.877015503195210711e-02
1.870536810374019421e-01 -1.484011152004481859e-01 1.348696022240561954e-01 6.387580556862149095e-02 -1.824179312871942460e-01 2.979193480298036878e-02 1.988129925497588713e-01 -2.124176788533180815e-01
1.588582878141089894e-01 1.428356648361537862e-01 1.912653281965249197e-01 6.139809271707430405e-02 6.382008650265996730e-02 1.288144300011815346e-01 -1.676388080957846860e-02 1.868472861933027640e-01
1.246984832018354639e-01 4.597866910155529174e-02 -6.285321262672871612e-02 1.207797195148473390e-01 -6.449053086489830999e-02 2.776647628205447527e-02 -2.405600177017627739e-01 -1.576950220046015039e-01
2.191943652170630363e-01 2.384528409614899980e-02 2.392699411330573289e-01 7.835817233650338443e-02 4.851083266844985475e-02 -6.696454999750556247e-02 -1.213262169067362839e-01 1.926734740770230658e-02
5.923909451729325593e-02 -6.263968746097187124e-02 1.345051618171343444e-01 -1.279274403366173485e-01 -6.864681404879530158e-02 -7.196676304701848936e-02 1.223370936006010767e-01 -8.032261351581543307e-02
1.329803628217743339e-01 9.667108054428824593e-02 -1.287746385595756049e-01 -1.255541986760874695e-01 2.378228540853378759e-01 -1.044805657075587035e-02 -7.058086975691418852e-02 3.301302172616160657e-02
-2.464473430671790810e-01 2.450952662108261682e-01 -8.480512982328214378e-02 -1.185509872247303975e-01 1.476335650301980884e-01 -1.654974041386325090e-01 -1.041999639536563271e-01 4.512265909089974159e-02
-1.760548104973262418e-01 1.769623945720628089e-01 -1.831041448968251384e-01 1.736860292964971797e-01 -1.101245394523463483e-01 4.030676964302032372e-02 -1.069356297607940154e-01 2.381094454885164247e-01
1.122596057333586361e-01 2.048239009072988503e-02 1.815250853660411168e-01 -1.370620412835842905e-01 1.276335949482446108e-01 -9.334944069170642011e-02 2.293222403032688095e-01 5.157264923249615940e-02
-6.788381550530714348e-02 -7.097669923139754422e-02 -1.050255974595741826e-01 9.232714724966067932e-02 2.732818706319473101e-02 5.478161302756756612e-02 1.705892513644751696e-01 -2.579818849858606100e-02
-9.357027286886354656e-02 -4.492527934789863897e-02 1.865328755698972274e-01 -3.627411365264077148e-02 -1.915148613216764995e-01 -4.201452301970615144e-02 2.491566881657183985e-01 1.376825128749903371e-01
-1.770853158111470593e-01 -1.192020233448286559e-01 7.674000476556053219e-02 -1.369750284382589278e-01 1.895145462226201505e-01 -1.945588916999593243e-01 7.266115258280009259e-02 -1.529173353201501717e-01
2.235792658924476983e-01 -9.235837537726299118e-02 -1.205062603452933256e-01 -1.741894364288526509e-01 2.003814815206987898e-01 -1.140251412072235682e-01 1.234114305290358593e-01 -3.868093548485185273e-02
-3.433523422927248214e-02 2.342753270874082805e-01 -9.058378587794152503e-02 -1.789273158153250054e-01 -2.099351356748765385e-01 -2.264493903052939849e-01 -6.703906226693595594e-02 -9.111245334560608145e-02
1.430177505775637181e-02 1.364761116061815049e-01 8.132965568377004129e-03 1.088156625856350201e-01 -1.740356082053740039e-01 -1.146007942530866131e-01 -2.394747945427065927e-01 2.496574340171179296e-01
2.341411568524273124e-01 2.214029611204431647e-01 1.825788421472956946e-02 -2.157331602407878135e-01 2.454871951622028536e-03 -2.354368749170467345e-01 -1.027544504382172930e-01 -1.656989071555603488e-01
-1.273993486476848735e-01 1.085676328083183817e-01 -1.337633888620959333e-02 -1.990518720933147079e-01 2.195676349712084585e-01 1.631756911059799586e-01 1.277565060893069426e-01 4.407317357209927788e-02
-2.027206591299838823e-01 1.742225590301045846e-01 2.436534302056924672e-01 -1.632992840929908818e-01 1.654529320864855935e-02 -1.447001484096510637e-02 -7.171785555199355899e-02 -1.890810149817696018e-01
-1.510418519005503057e-01 2.637770721041893252e-02 -9.566079919781106389e-02 1.175180546117579605e-01 2.522911156650120557e-02 3.591987297397480905e-02 4.730503609721686820e-02 -2.143796278889516516e-01
-9.388310299502605760e-02 1.071394031510750078e-01 -2.281389766451997203e-01 2.150569971671456582e-03 8.699994319099291218e-03 -1.152727541920361976e-01 1.468195376773276384e-01 -3.363800811203687680e-02
1.987451830054053348e-01 -1.835983103141956008e-01 -2.077201512488026092e-01 1.479156997871228230e-02 5.181176061372405606e-02 2.874765819687241653e-02 1.005522983754016941e-01 -9.212466402611663163e-02
-2.570405136443476568e-02 1.156664070187316540e-01 7.041471624883749447e-02 -3.794012756945386311e-02 -3.442642826673375511e-02 -9.898246447034969586e-02 -9.630209653317933771e-02 -1.219145851450507689e-01
1.216407756299033860e-01 -4.967647781128292639e-03 -2.347820418071466797e-01 -1.663740680753121870e-01 2.021637968764284365e-01 -1.263049329089890871e-01 8.141783109841260746e-04 1.617192285542821684e-01
3.242937305350057642e-02 2.490206485249519819e-01 2.173111147304429558e-01 6.422994745360549596e-02 -2.052131907972955527e-01 -2.379795175213749725e-01 2.272127842748734583e-01 9.729779970181318127e-03
-4.236236878331028910e-02 6.107617776670959397e-02 1.429940426390549080e-01 -1.399388829439797699e-01 -3.377492268363857519e-02 -2.340707568648122128e-01 1.170281132148656700e-01 -5.513359186616695329e-02
5.781962518391164929e-02 -1.900227540229116885e-01 -4.768061920579219626e-02 -1.041613362514728358e-01 -8.982845907830566690e-02 1.158303383682049437e-01 1.393979814262291672e-02 -1.405411783534618042e-01
6.220687579968592340e-02 -9.529618957016960934e-02 3.247765068879182593e-02 -1.180528270652912992e-01 1.162674478731424155e-01 -2.952985339990188418e-02 1.862332041024237217e-01 -1.982612669593035171e-01
2.250705445201924282e-01 -1.601885165787979570e-01 3.052378793276594449e-02 -2.212385306676432073e-01 5.258965301520535096e-03 -8.685232200651199497e-02 9.221561946330320003e-02 -7.041671122253490012e-02
2.086916108458597430e-02 1.279623695151448914e-01 -1.530735818298334938e-01 -1.832357562897760084e-01 -2.463366848244206708e-01 2.283059354845786149e-01 -2.081948205618625036e-01 -3.620027910471435018e-02
-1.001870453743556877e-01 3.372593591264627655e-02 2.174785021612229974e-02 -9.921159014580338553e-02 -1.009625289838378404e-01 -2.252388352823131989e-01 3.361755592615467414e-02 -8.233058695861672494e-02
-9.826957925412244110e-02 4.357239097800263972e-02 -4.586987007717929776e-02 -7.269390498946565193e-02 -1.582159785326504031e-01 2.930613208741161824e-03 -1.585440649513871203e-01 1.047951524379787114e-01
1.376600864545726166e-01 3.854384487231349299e-02 -1.092048727489468574e-01 1.577740216784441762e-01 -2.175560566704914378e-01 1.355060671220847945e-01 -1.484887982812531648e-01 -2.449031550830861326e-01
5.699036744297347745e-02 -8.781308156781386653e-02 2.177706609178735597e-01 -9.206324997946518929e-02 -1.383693586918882668e-02 -1.400979275765176779e-01 -1.813216068298766359e-01 2.030836987881834421e-02
1.825655901393975489e-01 2.304697977631306460e-01 -3.931287017442225418e-02 4.784302669754736392e-02 -2.029336713500106137e-01 -2.084061550446543176e-01 1.091319230654778094e-01 2.072976745259857978e-05
-6.582986993459211122e-02 -2.211040183941138104e-01 -2.091854031797057978e-01 2.119748119813413822e-03 -5.328556560872832470e-03 8.300171190840643920e-03 6.304988090483920615e-02 6.362368999953793569e-03
9.503218989277317785e-02 1.262003279606401795e-01 -1.469589482916010548e-01 -1.497355729162044291e-01 -5.867556191046363612e-02 1.413493573696986139e-01 -8.917302738580629162e-02 3.914681233611422284e-02
-1.237997634933646340e-02 -2.347323183877900177e-01 7.105564798093255696e-02 1.315212463472296700e-01 -2.723480558696605991e-02 -1.736689455485645461e-01 3.402741867621617011e-02 1.818862524504959999e-01
2.368152171034132447e-01 -1.750943216701850158e-02 -1.742922460609133140e-01 -7.686535363097896090e-02 -2.384565600829516296e-01 2.051053222863690739e-01 1.030683607760499720e-01 -7.432599744293089117e-02
5.439178094169727640e-02 1.224279756715555556e-01 -9.002658606952107512e-02 -6.099528155391675810e-02 1.192092628843413604e-01 1.464947205284222176e-01 -1.064074236906308868e-01 -1.892103570192336659e-01
2.813616926183476474e-02 -2.122983679280360803e-01 -1.811394044137427661e-01 -3.768150344110043903e-03 -7.802852559638046026e-02 -2.452973271562974289e-01 1.563306809348160020e-01 -6.072224450169094734e-02
1.645915685187138711e-01 -1.788135099116696103e-01 9.310896823609576822e-02 -1.756891760551491100e-01 -1.742358889595849170e-01 3.177509428211999776e-02 -1.720482074347912116e-02 -1.823895038618055797e-01
-1.328066917016919035e-01 -7.580124400469429036e-02 1.943659193935364238e-01 -2.354271575558151697e-01 -2.251863242090559325e-01 1.305134601482677015e-02 1.621895256970120047e-01 -1.294960449392206780e-01
1.764389507275574975e-01 3.730388008076562789e-02 1.512685172355322516e-01 2.284390231087192191e-01 -1.828449335716363366e-01 2.461519944003587312e-02 4.148971520742178454e-02 3.175538481902162591e-02
-2.147737676463834511e-01 2.060088806161260999e-01 9.965821447255124310e-02 -1.115173720205181462e-01 2.992352455275193446e-02 2.288277120416651322e-01 1.022870370475242874e-01 -1.473989904504765525e-01
1.579933955044260929e-01 1.233225903710327698e-01 -1.882709939506539421e-01 8.722730004728784792e-03 1.096420674448811416e-01 -2.541771348726618029e-02 -2.498720463933562508e-01 -1.772487277661845551e-01
9.358398892973462946e-02 7.478544241837942197e-02 2.004348013369045556e-01 -2.212188700452644152e-01 -5.272684658572779348e-03 1.549399919119185398e-01 9.537103736031615764e-03 -1.545933455164939518e-01
-1.578347955478176523e-03 7.729004329685595920e-03 -1.305780643824286380e-01 2.449734569038403142e-02 7.458775329917344266e-02 -8.160747745743907045e-02 1.979570376855633862e-01 -1.653248807110921925e-01
1.007223318802987211e-01 1.802130368954715789e-01 1.106803395218869390e-01 1.444162597364717637e-01 2.393459868127645329e-01 9.884156537172728019e-03 -1.722257845201046744e-01 -4.078930346549292096e-02
-2.309566039759598510e-01 1.549653207967460755e-03 7.434318069938539164e-02 1.408719504444457815e-01 -1.601011717627260356e-01 1.702379714388256304e-01 -8.134884583893997601e-03 5.252011268926237708e-02
-2.438877647777737412e-01 -1.500565258474952368e-01 1.846760139748466756e-01 -2.931993122586240563e-02 -2.353588419696501788e-01 -1.526340612640406658e-01 3.697310663365566130e-02 -2.219047589450753311e-01
-1.675506789821594733e-01 -1.954951224293910439e-02 -1.167084507524632775e-01 -2.297067938811009347e-01 -1.942399747622300388e-01 -2.090278468734646511e-01 4.550281879062373358e-02 -6.502335950653831409e-02
-8.706770994836132704e-03 -4.127469759563751062e-02 -2.171611142194333488e-01 1.019031905671806681e-01 1.100579022266479079e-02 -1.056798164042129784e-01 2.564910837875977734e-02 -2.116533032020652128e-01
2.280609060607241001e-01 -1.494111154537747788e-01 9.190945192086769078e-02 -1.814948946182115552e-03 2.152745332452513649e-01 -5.732782668564423423e-02 8.768389606609400255e-02 -1.285453574703515622e-02
-4.216185790611620687e-02 5.294818901091913332e-02 -7.134923912280904945e-02 8.551121130179234475e-02 7.593378624697100232e-02 3.679639359783543062e-02 5.477805607715618974e-02 1.907704852050721156e-01
-1.860837570042210842e-01 1.968774827516771020e-01 -8.770334737771751099e-02 -2.112505094110489479e-02 1.670881557546256557e-01 -7.352830847449348672e-02 5.321535667857901775e-02 2.283628096063833879e-01
-1.459837673539211567e-01 1.575374149560807013e-01 -1.807571174801841374e-01 -1.263908804591099555e-01 -3.788888494060305145e-02 -1.148619700653062403e-01 2.238006020698668497e-02 -6.147548895425697379e-02
-2.225126130684229597e-01 2.316418461594181299e-01 -1.268546894103060874e-01 1.572375378455699857e-01 1.982799208034585203e-01 1.999257753132060444e-01 1.290651091838395659e-01 -1.558100166699533662e-01
-1.988106428070818832e-01 -2.048206737876163142e-01 -1.278957361965664674e-01 1.327516792764230624e-01 -2.140083289920569065e-01 -2.005371979779774216e-02 -2.268713501704709423e-01 -4.703810437038025150e-02
-1.461612399538418927e-01 -6.871436248450935036e-03 2.140026558315960559e-01 1.691357609441224152e-03 -1.975465974250967260e-01 9.522667561378655998e-02 -2.482220029821283203e-01 -9.364322132040181490e-02
2.200947304223171419e-01 3.189092018319383826e-02 -2.700591390449208484e-02 -2.081842513922138593e-02 1.306907856818889102e-01 -1.866581125251770001e-01 8.989018598303444296e-02 1.447931864241363553e-01
-4.198915459714147591e-02 -9.564331788246493993e-02 7.747287863598756319e-02 2.268237628990989463e-01 1.372964369912154647e-01 1.804707630280322217e-01 1.664642107025342543e-01 -5.849977393195937569e-02
1.045334259774096108e-01 2.009345147131574305e-01 4.014817755428751189e-02 1.908431841454783506e-01 -1.790242387668422586e-02 1.455112219665260498e-01 1.451507906071424214e-01 1.246571792762063424e-01
-1.599486464458388379e-02 9.624502380514965427e-02 -4.478910251732692860e-02 6.722608523628947896e-02 1.727965569506306198e-01 9.349665661098466307e-02 1.495518689194491047e-01 2.263371551919581837e-01
-1.759649352764611763e-01 2.110245166913471415e-01 1.492165554595376031e-02 -2.342309889668683920e-01 -9.098616060179998133e-02 -2.319972323152822979e-01 5.645581611772221287e-02 -1.196140007566449670e-01
1.317224999370103511e-02 1.073504303929568859e-01 2.075974639473345817e-01 -7.482453819501966308e-03 -6.914960180482987440e-04 -3.251565183868171394e-02 -1.023760466970993765e-01 -1.716214099945193583e-01
1.516664182398289040e-01 -1.809819965208616654e-01 -2.408383698557221564e-01 -3.283562067518341898e-03 -2.319640725339782716e-01 -2.206152165702342516e-01 -4.271379250300738617e-02 2.338251174675290422e-01
4.855581384082152674e-02 -1.109326524123534496e-01 6.467831093866283076e-03 4.343199329554164878e-02 1.918807049274010579e-01 1.117765502937506650e-01 1.561496024220098144e-01 -1.581980083539455406e-01
-2.253276897018847702e-01 -2.139818490058991718e-01 1.317481359454031886e-01 -2.293803404273960789e-01 8.241287837139421590e-02 -1.885276849129436938e-01 8.978846549092023288e-02 -1.444658743757673558e-01
-1.513138229586956651e-01 6.013279848541669415e-02 1.346190368985370478e-01 -2.105368561581076881e-01 -1.448887710307023013e-01 -1.194985591370671951e-01 1.450798785405000846e-01 -2.815315940673307482e-02
-1.841232718539818070e-01 4.738499086031378038e-02 4.135655789052983256e-02 -2.043237962994025603e-01 2.326906896029647398e-01 -2.300098261154481238e-01 -1.422858926022677606e-01 -1.272912262589717125e-01
1.138854562104635870e-01 -1.441242981208443186e-01 2.153280967895988551e-01 -1.551352540731102958e-01 1.807998627914521594e-01 9.905036095925279227e-02 2.012805761956937833e-01 -2.414018422101667505e-01
5.348019654314417615e-02 -1.104716598321242027e-01 -1.520180266861311247e-01 9.838221815471026588e-02 1.392449848964953385e-01 -2.420012699812091883e-01 -3.644509491356723307e-02 -2.354934300593348739e-01
-8.152947969100393655e-02 3.295582864047513771e-02 5.208321821938421969e-03 5.078179153095052634e-02 -4.413839185982232349e-02 -6.038160008149046076e-02 -2.239401387808781507e-01 -1.109748506475910501e-02
1.347858548766205367e-01 -2.486661012419261185e-02 -1.729603713828131717e-02 1.030421745364047403e-01 2.012141376910868695e-01 6.041059029043671647e-03 7.090565388635816646e-02 -1.725198660085755509e-01
1.416227826623956965e-01 -8.078005510564223446e-02 2.415066759827160237e-01 -4.481952353107637732e-02 -4.243914042785140728e-02 1.925795901628307716e-02 -7.598763649799439301e-02 9.624921781871331739e-02
1.052080344091025355e-01 3.812253015372618625e-02 2.053242791575793924e-01 -1.874925293588614039e-01 -2.254964216826094714e-01 6.534212823347274046e-02 -8.638622632921366673e-02 1.355508179764675636e-01
-5.991620893082577615e-02 -2.011538505912244812e-01 1.324976833768425344e-01 -1.320840041427009393e-01 1.467738393220273108e-01 9.439489458666294741e-03 5.472388556600199516e-02 -4.489784456977818916e-02
-2.047092070243848871e-01 7.607283924666680130e-02 -1.693121594456465373e-01 -4.137581672514145659e-02 2.174081543483713519e-02 -2.241325926178493466e-01 7.483372063930521234e-02 1.761292694320183427e-01
-1.037648922887141612e-01 3.346689017164766744e-02 -2.077485099109939171e-01 -1.758096066380446243e-01 -1.750858376570867958e-01 -3.939490008936807897e-02 7.316808955538667281e-02 -2.102699768579757156e-01
1.034111341166304987e-01 2.243006606155008020e-01 1.100162591229870701e-01 -2.852211330300791214e-02 -9.567681123802851406e-03 1.653232813732615769e-01 1.998269767847338230e-01 -5.939305810633827010e-02
-8.496871927794863444e-02 2.111838213425876187e-01 8.349717788871113822e-02 4.477626783314619940e-02 2.087232863281890949e-01 3.483849686317996852e-02 1.271959635808184164e-01 -3.172991056601798254e-02
-1.764336666595218706e-01 2.232495277175252646e-01 -6.865494222989865225e-02 1.741479510408514564e-01 -2.045491269634254206e-01 1.138974258215176838e-01 3.301308580944295468e-03 1.095120478863412794e-01
1.317278096713910274e-01 -1.686678547225634039e-01 -4.602939660037425051e-02 1.623237638136342809e-01 -1.168550623092292629e-01 -1.176474565650247328e-01 4.378892728666522460e-02 1.877441502391807848e-01
1.303305886320283435e-01 -2.280093352532963635e-02 -2.279470191186217520e-01 1.479823009418879676e-01 2.624212514522156203e-02 -2.379000576566961955e-01 1.690758800097031944e-01 -1.430228566204861385e-01
2.485270734871075637e-01 -1.178561092013607481e-01 1.949286672111661400e-01 -1.427766967626351025e-01 1.134635664571901903e-01 -1.047945266138528009e-02 1.218048602254968582e-01 -1.477730151676385772e-01
-1.681025063190643154e-01 -2.157728107813208229e-01 1.283518638547703761e-01 2.135728829802315820e-01 -5.099009636523837985e-02 -1.341991879630594076e-02 -3.394570073898312002e-02 -2.459656487632796984e-01
1.703594375598239674e-01 1.633933698561845227e-01 1.947757050363344566e-01 6.839749942170275654e-02 1.442403255821827490e-01 -3.839230601405563270e-03 1.359312618816609919e-01 -2.193422257734249925e-01
-1.987340555740315096e-01 1.789258705064434296e-01 2.323734275642262426e-01 -8.258350896703381405e-02 1.971954871653899821e-01 1.365823986612722529e-01 3.622716584625185199e-02 1.429908728250723349e-01
-1.422007488029317646e-01 -1.799489784441024587e-01 -1.217732804656396217e-01 -9.416110198621363558e-02 2.463293780854050041e-01 -7.614408585310217248e-02 2.734890930979949619e-03 1.736005639956755275e-01
-2.044152959308296880e-01 -1.296884292397578742e-01 -1.787296193846432679e-01 6.314411292845822921e-02 -1.241617039902303543e-01 -2.015409923721050989e-01 -2.123918024100023838e-01 -1.621849462629365024e-01
-1.733790852801504467e-01 3.618620679768225212e-02 -1.849356225428079314e-01 8.157271237303753697e-02 7.976026147299619673e-02 1.453356402167325090e-01 -1.891261196530676369e-01 -3.213406728569506710e-02
-1.731981563095766341e-01 -1.924996405762170459e-01 -3.166791354877707132e-02 2.445221155334418861e-01 5.275005292933343526e-02 -2.152429114224762019e-01 1.728430835347394279e-02 -4.109458859429970801e-02
