1.699809788539505262e-01 1.263271910440148527e-01 2.308476531546241328e-01 9.162574903065445753e-02 7.790327012122633121e-02 1.501218493970506995e-01 -1.519715355846507077e-01 1.765082827401643351e-01
-2.441372527548903437e-01 1.652115937676008062e-01 3.436594578466478644e-02 -7.536597543341572170e-02 2.107600538966508674e-02 2.262283205071594638e-01 9.728620809410915005e-02 -1.134619460962154047e-01
5.334885224783414426e-02 -7.093639322807354652e-02 -5.179175110779976610e-02 -2.226524103190887782e-01 1.433587969061083656e-01 -4.309374007964811293e-02 -1.384801877994234487e-01 -1.425076867385954849e-02
1.886138322895027364e-01 9.725451965884723826e-02 1.332163580553519799e-01 -6.542496891905602574e-02 -2.060880813451408944e-01 1.894413160688819819e-01 -2.245237734003358576e-01 1.574286996659050031e-01
-1.462669110433445496e-02 1.156124540105120668e-01 1.434977448747418727e-01 -1.481882605560370103e-01 -1.154978141085730159e-01 -7.369537752914778750e-02 -1.599991862604581150e-01 -1.510300664774442692e-01
-8.278308455816452138e-02 2.140695493827672324e-01 -1.488070027470783097e-01 2.005393561533771463e-01 6.869696184022017205e-02 2.141220421376806571e-01 2.379123915487171281e-01 1.913330303230371121e-01
2.363869169812269910e-01 -2.514163548141351567e-02 -1.112836473463433284e-01 1.229708443151449893e-01 -1.257475879589322609e-01 -1.905367062599580552e-01 -8.077284858434619075e-03 1.114107898515070971e-01
2.158083849730508263e-01 2.572148649162825373e-02 1.221687113427305516e-01 2.952134278467133388e-03 2.210835286772631081e-01 -1.730149566764626057e-01 2.363857960334608821e-02 -1.313533504083220227e-01
-1.365577579695964605e-02 -1.267039836335723257e-01 -6.810868979103434917e-02 -1.817773174608321440e-01 1.988491355359114920e-01 -1.812404369375456570e-01 5.698121440444958719e-02 3.922077665382633915e-02
1.295686069268031093e-01 8.886864719717063599e-02 -5.465535071400495770e-02 -2.454160825339901097e-01 -2.408974147553966660e-01 1.805237824449829609e-01 1.381950398992704554e-01 -2.247950689199011420e-01
6.780741139144130791e-02 1.028227958878527026e-01 2.312894882981286759e-01 1.652674515311025605e-01 1.597564076528156241e-01 1.039860977985526680e-01 -2.141867417821904929e-01 -4.459198035682021555e-02
-1.676557093565511636e-01 -4.497522479454263422e-02 -5.806332845261164000e-03 -3.970278685837158594e-03 2.376255186532705843e-01 4.658732225536110771e-02 2.220802467383092282e-01 -9.248309737628818139e-02
-2.038613627104882697e-01 -3.686048615532799833e-02 2.636920625164440590e-02 1.899632655250187430e-01 -2.481231876912627365e-01 -9.593407584861568527e-02 -1.282646696741899239e-01 -1.849530894142467630e-01
-2.634318626385878659e-02 1.207071856786288699e-01 1.954249554301039082e-01 -4.896742338791515436e-02 -4.708649087034610936e-04 6.607962405544526296e-02 -2.215866196738153215e-01 1.452074424814382425e-01
1.150682631692561131e-01 -6.460238441924559538e-03 -1.747424854262944471e-01 1.063865084542435779e-01 2.007603946757096636e-01 -4.861850962427760603e-02 -3.261304862285235862e-02 -1.589317081670223453e-01
2.316504414717521776e-01 8.678508827421660410e-02 7.161626517160712968e-02 -5.940292769287391916e-02 -2.169001938614545377e-01 1.903754335578929924e-01 9.355330343588469377e-02 5.522576024253272875e-02
-9.676307692513180791e-02 -8.206470758436007484e-02 1.895636000539611676e-01 1.601258016006934515e-02 7.555941578412006532e-02 -1.604513691894372540e-01 3.870688947559286497e-02 3.755186894183287771e-02
-9.803394723924402365e-02 6.804031600520932255e-02 -2.428745686262100412e-01 -2.093634147514062960e-01 -1.401033001370318720e-01 -6.432051641593161673e-03 2.094933452938988472e-01 -7.257805390377436439e-02
-1.551298914946880880e-01 1.294868269297599905e-02 -1.695067804995029070e-01 1.554752088295352497e-02 -2.430163620594782969e-03 -1.981098407849629650e-02 5.268098480932115191e-02 -7.268190818940989395e-02
1.303935159047717174e-01 1.708062857056346640e-01 -1.631502452260213953e-02 2.312690820698438676e-01 1.155157325409278957e-01 -1.437421992879682753e-01 4.986949386959538266e-03 4.180748128760158888e-02
2.160104620687769428e-01 2.401629671975508140e-01 -2.358207406281781493e-02 1.889152880574846982e-01 -6.235110773225371883e-02 -8.214442849801906199e-02 1.711646333444871160e-01 -2.211007467614740096e-01
-4.618435245160568137e-02 -2.157098316972720919e-01 9.696379978926000787e-02 -2.177103438559130355e-01 -2.477104103849935846e-01 9.959257249917236043e-02 1.750139224773427649e-01 -1.128950627993427491e-01
-2.296026131713236884e-01 -2.043977139894803119e-01 1.778445103006709993e-01 9.706238540095446510e-03 1.623561387801553124e-02 6.923689452678910561e-02 -1.911969682527344672e-01 -6.515360993270674639e-02
1.102044544296855721e-01 -2.325861061840217570e-01 2.249615774595448703e-01 -8.371820121012013560e-02 -4.168596028267634868e-02 5.348889642038451298e-02 -8.702751924544271933e-02 2.134246204335928931e-01
2.274499884686788653e-01 -5.026215789465793282e-02 1.579074003180374053e-01 9.405283234698152972e-02 1.868937842001728300e-01 -6.751668855556058890e-03 6.076784648880395601e-03 2.232765942550934968e-02
-1.378799976626488011e-02 -3.740855225969291764e-02 -1.989701336965171152e-01 -5.354931099286652785e-02 -2.022347650702140953e-01 8.187413461003956172e-02 -2.418444698438371177e-01 -2.407425754790105121e-01
2.899167703034444266e-03 4.697752071946675878e-02 1.818368080413490517e-02 -8.624137349248661710e-03 1.994330890001329570e-01 1.115006881371250480e-01 2.278040037682663721e-01 2.003383249424872670e-01
-1.709683246521663258e-01 1.447275974587662883e-01 -3.181722512424489668e-03 -4.284203636721339858e-02 -1.553494566599968318e-01 8.549494610433272523e-02 8.283358144348890173e-02 1.854246019376815102e-02
-1.437878193339535704e-01 8.883346174771572512e-02 -8.979000946017073881e-02 -1.600908228168135272e-01 -1.185660349970642513e-01 -1.574487013305954086e-01 8.837767659527295816e-02 3.371399264946561836e-02
-1.457950937367704647e-01 9.636813554299639151e-02 1.387794663823697650e-01 -7.831958405380801125e-02 -1.543420476308066114e-03 2.301829341326760425e-01 -6.750356694660686330e-02 1.930202861064340136e-01
-1.803462786111951766e-01 9.554618127229963509e-02 2.768499427136406066e-02 -2.886370616840400194e-02 -1.741809537885244952e-01 1.400502946897981271e-01 -1.724360028559527303e-01 2.946999881519257736e-02
-7.078426448954960870e-02 1.861998696234613559e-01 -1.255198318585841188e-01 1.111860561842342721e-01 -1.419011482532172019e-01 -1.790293684997841805e-01 2.095849397226504096e-01 -2.166747131217838795e-03
5.792543317133075353e-02 5.902338561773656789e-02 1.915156678348902686e-01 1.718356857959977835e-01 3.055176928324687680e-02 1.692845754974035000e-01 -4.295837400732971378e-03 1.990598145591375712e-01
1.114997052499472341e-02 2.624524557541951797e-02 1.160926666523396378e-01 -1.906424542117914900e-01 5.590631349111790938e-02 -9.655482448500268822e-02 -3.813593341376708690e-03 -1.376328655372180410e-01
-4.607835190539538717e-02 -1.050965606544096431e-01 -2.146317003793973832e-03 7.082714584860883011e-02 1.853654493494705235e-02 1.910277058824418894e-01 5.089114813105422019e-03 2.247348783795852234e-01
-7.592883725318771981e-02 -1.204092456022090030e-01 1.250987604658929664e-01 -1.610333044812461423e-01 5.882965823816854734e-02 7.836705840148072699e-02 -9.738174099225060942e-03 3.444271876140458932e-02
9.348373880864069285e-03 -1.672492607764659023e-01 -1.610700188639823671e-01 -1.131649735555441127e-01 -1.840571727257017676e-02 -2.210514637259675119e-01 3.235386425994074555e-02 -2.097317997491178754e-01
-6.137332792608246601e-02 5.284329664476161703e-02 2.278957092376752147e-01 1.643696159922081179e-02 -1.498426782123931655e-01 1.006739613939271472e-01 -9.852878496301198386e-02 -1.212797811090541855e-01
6.256843443777654334e-02 5.094944161425185580e-02 1.512687989218240436e-01 3.852977370254473399e-04 2.369570644645130342e-02 1.644766375064644626e-01 -1.973611178322274284e-01 1.475219504901774670e-01
1.911624619649428536e-01 -4.329055346940613447e-03 -2.042377901119499795e-01 -2.359933835692669124e-01 -1.633880138311684105e-01 1.714702233288834532e-01 2.314968128333358965e-01 6.340435741539374170e-02
-3.414745678657971073e-02 1.605497307258247908e-01 4.211474327405045903e-02 4.424031939333306074e-02 8.009431721374427049e-02 8.399706280686547455e-02 -3.917433667441788669e-02 2.394025355280346434e-01
-1.492405051850016484e-01 -2.728163909011310784e-02 -5.698751797622708670e-02 -1.454550828749623381e-03 -1.351781200215274037e-02 8.368186878009753471e-02 -1.626334668879641510e-01 1.532977970356295128e-01
-1.692838020303412128e-01 -2.586622621941842004e-02 2.466260009050225133e-01 1.964564027978663030e-01 8.504155501277721463e-02 -1.762389524907546079e-01 1.475081731663993589e-01 1.139857044677249909e-01
-7.438141517458141116e-02 1.181032921014503190e-01 7.671028147429415078e-02 -1.897412158360822776e-02 -2.159306134445627690e-01 -1.150276916173736952e-01 1.209455046925527744e-01 2.493150986122234514e-01
-1.569190474449078110e-01 -2.137826122903468407e-01 -1.999333808807519652e-01 -8.516860739489351406e-02 1.998093462030116063e-01 1.223449729255832175e-02 -1.407327785954034516e-01 9.749156231449090937e-02
2.348680681164286854e-01 -1.767032367431420337e-03 6.032157767474266574e-02 -1.297179729694925565e-01 2.465047106492572193e-01 1.648069340893498214e-01 -6.845473933109458287e-02 1.199540322114392432e-01
9.848803293888569454e-02 -2.113721311649709445e-01 -5.528777404622375879e-03 2.285065431957999937e-02 2.020691419428278790e-01 -1.424634146069744811e-01 -2.545840535285254225e-02 1.137517884673154844e-01
9.508924912736110846e-02 2.377128885183399931e-01 -1.814042676614721072e-01 -2.089112744715992398e-01 1.853286300004142184e-01 -1.075782625142296389e-03 1.578998006881730531e-01 -1.447511980855361036e-01
2.257890128929357920e-01 -2.472602275140679540e-01 -1.938878848928082266e-01 -3.984255665030334015e-02 1.216153769154948439e-02 -1.943943510446602407e-01 1.867310172615528896e-01 7.551572706277215330e-02
-1.171459533035465461e-01 -7.637046518517009996e-02 3.829216572150373477e-02 -2.298509626347473578e-01 -4.558987326892804948e-02 -1.173748132411700507e-02 -7.028382380244696526e-02 -2.177625549517521741e-01
-2.415867272617125971e-01 -1.415686711038003920e-01 -1.649056937500028019e-01 1.457191761119522311e-01 7.163528780269878826e-03 -1.479113637599396291e-01 7.748299224230109639e-02 -2.487392322714093162e-01
-1.292594536805267702e-01 -4.461165295400187913e-02 -2.357637235322457281e-02 -1.198302472706747057e-01 -1.755341462415900833e-01 3.643687921658878004e-02 -1.904147069020780125e-01 -1.638953434889141580e-01
1.470019830787376858e-01 1.332389755282546995e-01 7.565415103238815053e-02 1.563449404371475282e-04 -1.508229208360606921e-01 8.608921312291689665e-02 -1.019688347435975251e-01 2.135273025067552233e-03
-1.393065384495915660e-01 3.068168530552606299e-02 1.949935480401465693e-01 -5.307832300779768975e-02 -2.129633981532653153e-01 -1.874333427091330329e-01 1.130278088949631110e-01 1.806904060741880147e-01
-3.935790812701561725e-02 -1.472612770813092609e-01 7.081464528447090068e-02 -3.386094315422133461e-02 5.977847099766808725e-02 7.122876745700457146e-02 3.161564754572548930e-02 -5.459402094385623627e-02
-7.462250248430768451e-02 8.622395155439804837e-02 -2.417053214779733006e-01 -8.217280789094055793e-02 3.861366805314409012e-02 -1.538335349435334121e-01 -1.770392464579730873e-01 -1.540908123253085238e-01
5.060217677106171319e-02 2.182873530616056823e-01 1.514215857359134665e-01 2.614048775971472560e-02 1.774950303030129461e-01 1.878107109790126961e-01 -8.397969737925603528e-02 2.095264479001673341e-01
2.246955455235581378e-01 2.224055149255118602e-01 -2.449038346772804409e-01 -1.718463962311471138e-01 -2.190063500259749052e-01 1.101092253982149938e-02 2.722271456706465420e-02 -1.258394130378608922e-01
1.506082548681186295e-01 -1.886187582817544506e-02 3.679658484908271410e-02 2.300590748283075082e-01 -8.351486004954195019e-02 1.067595740110982572e-02 1.669980729931361818e-01 1.077063727876015342e-02
5.357593155304374299e-03 -3.155625487953911401e-02 -1.290582655717619764e-01 1.842962980807019147e-01 -1.498884282571929516e-01 -1.541681801976526045e-01 1.227834566310097575e-01 -1.895262075162097992e-01
-6.662689806216454125e-02 1.064728875532050534e-03 -5.913686505492177226e-02 -2.060856706114488901e-01 -1.103442532688700961e-01 -4.905833936787729055e-02 6.218360898135277814e-02 -2.034426429385670643e-01
5.520510660929905944e-02 9.358766813449548305e-02 2.151369968476091188e-04 1.994239198081235176e-01 1.241229570799898263e-01 6.429566365558980756e-02 -5.126486031082688744e-02 -2.623533252958998307e-03
-2.363852659929494004e-02 -2.261823562285441014e-01 8.263314810401728439e-02 6.579002137136680251e-02 2.093960278290419308e-01 -1.627268100717812471e-01 -4.288536578920359998e-02 6.852663183224594334e-02
2.403860261051015135e-01 2.237970954067630136e-01 9.423526874927057317e-02 -9.337108148685435705e-02 1.747379177532099592e-01 1.765446347313321951e-01 -1.987103009712168911e-01 -7.956821664143909345e-03
1.194632773594925812e-01 -4.379904212231550131e-02 -1.984706232102017021e-01 2.960969377656941237e-03 4.057386551938313435e-02 -2.979411611891968903e-04 2.060512128212312333e-01 1.786707879220854611e-01
-1.030723541230267881e-01 2.146744416740803407e-01 -1.392929555621514881e-01 -2.355292764652636706e-01 2.027810330155157548e-01 -2.653001256891512893e-02 1.614564704111052795e-01 4.357524063980450224e-02
-1.886849602301432505e-02 1.062193226892692022e-01 -1.685308838295999645e-01 1.747042426624361156e-01 -5.571778030719731767e-03 2.243747697336523350e-02 -2.053139812739657732e-01 -1.673158639818427273e-01
-2.252737150771117469e-01 -2.138349326433587883e-01 -6.753087516085404252e-02 -2.207463910770181559e-01 1.546082936250138262e-01 -7.137851824638807852e-02 -2.426431602521360587e-01 1.517383270510594961e-01
-1.574574750339801654e-01 1.963344859163280165e-01 -2.447457181233099188e-01 6.004488085476300530e-02 2.187645428435620598e-01 1.152084123761071277e-02 2.523275596910334873e-02 -2.233795963304353038e-01
-6.468913882317639530e-02 -1.649068254627765184e-01 1.337287728630911499e-01 -1.655534891653709373e-03 -7.361571885606987831e-02 1.265835971074262822e-01 -2.473294163648321886e-01 -2.339626664346017848e-01
2.203237605645378960e-01 1.162455017463522866e-01 1.658890207299302255e-01 3.520820386042994299e-02 2.318818798392912051e-01 1.649044739960092154e-01 -1.436771853410734323e-01 6.488190321787357107e-02
-1.248496874522558309e-01 1.505107903018985671e-01 1.791945833368253083e-01 2.150100619532487878e-01 2.104839138304666069e-01 9.068121908354787042e-02 -2.040393209571554345e-01 -1.793907725352776317e-01
-1.032469729689538540e-01 -1.334043120913377956e-01 -1.665516586324650161e-02 5.770052244426021604e-02 2.111636298141887913e-01 4.442567261898716646e-02 -2.221188966366857143e-01 -4.621178712306883707e-03
-2.246713174864790608e-01 -1.772565053908927157e-01 -2.000194032404917222e-01 -1.457975145750503576e-01 -1.160175469249138946e-01 1.290990052832844959e-01 8.263608797129118333e-03 -2.126664795711847300e-01
-2.229861662472976680e-01 -2.380046291698346694e-01 3.831851622660836787e-02 6.218233688682844873e-02 1.509290300033964694e-01 1.084171673945353298e-01 -1.747161114314356722e-01 -1.374587896618768568e-01
-1.950599963768373524e-01 3.206542615606083890e-02 1.679608467085135781e-01 2.420963116130409043e-02 1.069471746520785915e-01 -2.229077032881129350e-01 1.151562085487428666e-01 -7.646646352767721977e-02
1.793057850003960119e-01 -1.092045159368678631e-01 -1.052749010345262470e-01 2.106341818761223728e-01 1.373268808336297608e-02 8.226109665653552616e-02 -1.111619320128974797e-01 2.397847235364080620e-01
4.099627293193641719e-02 -7.436884756270661923e-02 2.035147825538888844e-01 1.315126067304688839e-01 -1.151077822224161884e-01 -1.416192519227914004e-01 1.059748371208385498e-02 1.843772296857109638e-01
-6.690660269791570691e-02 2.239498680364600536e-01 8.597358485147216234e-02 -6.227264134868831791e-02 -1.447666647432240827e-01 -1.599067825322464387e-02 2.074735934559751027e-01 -5.876659056415500793e-02
-2.460171469987907367e-01 3.884947173278602284e-02 -8.028053853145239449e-02 -1.788927531246587987e-01 -1.023701885708918624e-01 -2.323049544848516668e-01 1.006558517613153070e-01 2.510021136239670714e-02
2.479867769867898919e-01 -5.483172738014835401e-02 2.303441208339215840e-01 1.268406361438006447e-01 -1.699304342994273354e-02 2.035018990816509499e-01 2.221234914424385920e-02 -2.338530800198598270e-01
-1.192300103332991079e-01 -1.429443046679306772e-01 -2.204321335739825583e-01 2.163105056895158196e-01 -1.546391151847587575e-01 -1.550651906738303998e-01 1.524528205960230531e-01 1.545047200666893050e-01
-1.481988013151203654e-01 -2.421809272249211831e-01 1.154238814787005296e-01 -1.030425244459415857e-01 -1.129125330080767431e-01 -1.263858058015187580e-01 1.208493045632826335e-01 1.909663351653372865e-01
1.638374033344742187e-01 -5.422641303737352203e-02 2.166079295843177932e-01 1.333688846746257095e-01 -2.084465245588487115e-01 -1.725728724578136641e-01 4.120200178711896921e-03 -1.655260417174653220e-01
-2.423168334122826062e-01 -2.006253600441834650e-01 -2.200845651032989903e-01 3.790692355410385517e-02 -1.783198047881371928e-01 1.544359058854288258e-01 -1.992521782204287328e-02 -2.018132012049272950e-02
-4.057797739747548427e-02 6.439803489132284176e-02 -1.146183140503354014e-03 1.190043562831161195e-01 -1.702751225278898994e-01 -6.979631668358282637e-02 8.614799085394131417e-02 -1.557677985500430240e-01
-1.364213079085008773e-01 5.758675755518471995e-02 -8.967853239374878882e-02 2.051305569359218595e-02 2.071709948702482040e-01 2.090755294370077455e-01 -1.282405462809191876e-01 -2.006229027787782004e-01
1.119410939092903012e-01 -9.710773854579407560e-02 1.365552765287277870e-01 5.014013849313003757e-02 -1.390083790603278691e-01 1.722173670125795586e-01 3.990335060146366075e-02 -1.984831079945416632e-01
1.561713749006534147e-01 1.440697874215817742e-01 -2.604436189445008543e-02 1.939718237139669843e-01 -9.311446581210031104e-02 -5.962479418320881797e-02 -1.202871528397727041e-01 -2.011289114504235531e-01
-5.280802859442718100e-02 1.300067759266856915e-01 -1.559831505087022063e-01 1.943571524857097277e-01 1.935837232558028087e-01 9.940386650743465724e-02 -2.351417460250052049e-01 2.694974696278901183e-02
-1.649854630243993703e-01 1.362372394753946225e-01 -2.184977970010399950e-01 1.614837259896441668e-01 -1.998276367174977031e-01 1.643501298929989085e-01 1.659167794606287161e-01 9.189095223007370805e-03
-1.885375635406760786e-01 1.491496979139494972e-02 -1.432268109284344781e-01 1.364133610768643035e-01 6.277662682431611740e-02 -2.595030948079368738e-02 -6.135741670408062509e-02 1.927637935052823326e-01
-1.204123995427536231e-02 1.644042677015732923e-01 -2.144996122168655872e-01 -1.038424429051150177e-01 2.238200313488807325e-01 2.327111413304143728e-01 1.133991985609908437e-01 -1.143677530446440271e-01
-1.056830753309243032e-01 -1.150183422709126213e-01 8.011256838245495171e-02 -1.975317247938815912e-01 1.089205362717107217e-01 -1.527478702209085215e-01 1.323850497187140096e-02 7.167766445477136150e-02
3.739471369056446282e-02 -2.427250480849761360e-01 -1.699695748777753646e-01 -3.623628616297441818e-02 -1.126265424496561973e-01 2.004540275384727455e-01 2.033048154996164314e-03 2.204458286042627058e-01
2.765377445470790230e-02 7.495773825212043162e-02 -5.563961968865216434e-04 -5.223290537606078976e-02 -2.488664568101356389e-01 3.642097797334997722e-02 2.438937030548863349e-01 8.076094969098901455e-02
3.347130294943884143e-02 2.183353039710362875e-01 1.156067044977238112e-02 -1.363014430264442578e-01 -2.304296932423824384e-01 -2.476773445637962534e-01 1.085210781374573719e-02 -1.347832323523266429e-01
2.179289246370295641e-01 -2.503631726362864907e-03 7.775484046558395201e-02 1.139457118518611423e-01 1.411162006200193941e-01 2.231302339530972234e-01 -2.691859053095685406e-02 -2.490120103742028412e-01
-1.352072911280934875e-01 -1.267350009458759752e-01 -1.380653402856894529e-01 1.206962257900329183e-01 1.273981850007448458e-01 -1.948460435966202775e-01 1.235134964732069740e-01 8.947773437357092741e-02
-1.648410128855792856e-01 1.868578586842343237e-01 -2.159012920883329745e-03 1.208994907277902708e-01 -1.132537728589252390e-01 -2.232507763251210253e-01 1.643973257481835537e-01 1.070985972684039278e-01
